tree
version=v4
num_class=1
num_tree_per_iteration=1
label_index=0
max_feature_idx=36
objective=binary sigmoid:1
feature_names=D1_Ret_1 D1_Body_Ratio D1_ATR_14 D1_RSI_14 D1_MACD D1_Vol_ZScore D1_Bollinger_Width D1_ADX_14 H4_Trend_Strength H4_ATR_Ratio H4_RSI_Divergence H4_vs_D1_Alignment XAUUSDc_return Cross_DXY_Return Cross_EURUSD_Return Cross_Risk_On_Off Derived_Weekday_Sin Derived_Weekday_Cos Derived_Days_To_MonthEnd Derived_Is_MonthEnd_Week Derived_Weekend_Gap Derived_Vol_Regime Derived_Momentum_5D Derived_Momentum_20D tick_return hl_ratio co_ratio avg_spread OIM tick_velocity AUDJPYc_return EURUSDc_return USDJPYc_return TF_OU_Theta TF_Hurst Cross_BTC_Gold_Ratio Cross_BTC_Gold_Ratio_ROC
feature_infos=[-13.986119270324707:12.311240196228027] [-0.92213797569274902:0.86255699396133423] [2334.031494140625:4728.697265625] [15.833520889282227:69.849876403808594] [-5873.50048828125:1539.5223388671875] [-2.3284120559692383:3.3837859630584717] [0.02222600020468235:0.22283299267292023] [13.612317085266113:58.266666412353516] [-15.919281005859375:8.39447021484375] [0.26131001114845276:0.55751800537109375] [-26.852569580078125:18.72735595703125] [-1:1] [-10.059465408325195:6.5846962928771973] [-1.2582850456237793:0.98352199792861938] [-0.98352199792861938:1.2582850456237793] [-1:1] [-0.97492802143096924:0.97492802143096924] [-0.90096902847290039:1] [0:0.96774202585220337] [0:1] [-13.986119270324707:12.311240196228027] [0:0.98439997434616089] [-20.144699096679688:10.364812850952148] [-34.253673553466797:16.88249397277832] none [7.1071350248530507e-05:0.023100737482309341] [0.98096048831939697:1.0173139572143555] [0.018428988754749298:0.030009618028998375] [-1:1] [0.0080000003799796104:8.7030000686645508] [-0.39096963405609131:0.33495455980300903] [-0.45207425951957703:0.23008787631988525] [-0.25082975625991821:0.61165463924407959] [0:18.420680999755859] [0.33056366443634033:0.76357454061508179] [12.019372940063477:21.242767333984375] [-0.038140185177326202:0.039510279893875122]
tree_sizes=3028 3466 3071 3035 3328 3350 4505 3243 3470 3665 3255 3881

Tree=0
num_leaves=28
num_cat=0
split_feature=1 1 0 23 12 5 35 33 12 0 21 5 2 2 35 35 35 35 9 33 35 35 7 1 6 35 30
split_gain=345.675 60.823 38.5772 33.7288 24.0651 21.6418 15.6355 13.2637 9.87107 9.54283 8.09455 7.77427 7.48226 6.7667 6.2739 6.25799 16.3304 15.5563 7.65389 5.45938 2.97056 2.62171 4.64986 1.73539 1.10775 0.828741 0.109446
threshold=-0.18859449774026868 0.63102951645851146 -2.7149544954299922 -3.0115330219268794 -0.064135765656828866 0.74922147393226635 19.499699592590336 0.21145649999380114 0.50221209228038799 1.3883990049362185 0.085950002074241652 -0.056355498731136315 4224.8249511718759 2409.3332519531255 12.997925758361818 20.325174331665043 15.163166999816896 20.516810417175297 0.38339398801326757 0.19855177402496341 13.843307971954347 14.359539031982424 57.55999946594239 0.45990300178527838 0.051688499748706825 14.461423397064211 -0.017221338115632531
decision_type=2 2 2 2 2 2 2 2 2 2 2 2 2 2 2 2 2 2 2 2 2 2 2 2 2 2 2
left_child=2 3 -1 6 -3 8 7 10 15 -6 -2 21 13 -4 -15 16 18 -17 -5 -10 -12 22 -9 -18 -11 -13 -7
right_child=1 4 12 5 9 26 -8 11 19 24 20 25 -14 14 -16 17 23 -19 -20 -21 -22 -23 -24 -25 -26 -27 -28
leaf_value=0.72838046944423396 0.77021514354966558 0.76220939454976855 0.76006424559984054 0.77021514354966558 0.77021514354966558 0.75737819718447785 0.78384661212095652 0.78554909842308895 0.76411041466580865 0.77923607707384124 0.76180683850292863 0.7604090542645261 0.75803626705444638 0.75624225818321056 0.74033532665677682 0.74573013356159401 0.78754266318552613 0.77302415945240699 0.75112597626872402 0.75144926144125668 0.74558521670120725 0.77021514354966558 0.77021514354966558 0.77316489462860849 0.79079113251382005 0.76946321706596266 0.74258643909063016
leaf_weight=109.91942735016346 15.889091603457926 22.434045754373074 16.482136152684689 19.489889591932297 13.137461721897123 14.763889655470846 20.534872256219387 17.667068950831894 31.153629094362259 20.114443704485893 21.100273668766022 13.582245133817198 26.147150740027428 24.012342117726803 199.70818651467562 13.890944838523867 11.062383949756624 13.173415862023829 13.294033862650393 51.301316812634468 13.474382713437079 16.305653728544712 11.387127511203287 11.73951420933008 39.359230868518353 13.253635145723818 39.325589329004288
leaf_count=636 132 173 124 161 108 108 190 166 245 180 162 102 195 176 1303 90 107 113 91 365 87 135 94 101 378 108 257
internal_value=0.753259 0.765054 0.739126 0.761301 0.778995 0.756413 0.76905 0.766147 0.760523 0.784558 0.758553 0.771443 0.744052 0.742781 0.741747 0.765991 0.770215 0.758635 0.76125 0.755617 0.753491 0.776567 0.779889 0.782119 0.787824 0.763685 0.745387
internal_weight=833.703 457.434 376.269 362.389 95.0452 219.195 143.194 122.659 165.105 72.6111 50.4637 72.1957 266.35 240.203 223.721 82.6502 55.5858 27.0644 32.7839 82.4549 34.5747 45.3599 29.0542 22.8019 59.4737 26.8359 54.0895
internal_count=6087 3653 2434 2814 839 1638 1176 986 1273 666 381 605 1798 1603 1479 663 460 203 252 610 249 395 260 208 558 210 365
is_linear=0
shrinkage=1


Tree=1
num_leaves=31
num_cat=0
split_feature=0 0 0 27 13 6 2 4 2 7 0 27 0 10 7 13 34 0 27 13 6 34 13 36 7 27 10 33 13 9
split_gain=309.956 51.4702 49.1455 36.6267 26.5729 19.2494 19.0811 14.4248 7.83959 13.3113 8.3383 7.59037 12.9914 6.22399 5.77436 5.75505 5.02434 3.58578 3.61492 5.4556 3.17026 2.52876 2.29663 2.08525 1.75088 1.42732 1.41904 1.03987 1.03766 0.943232
threshold=-0.23787049949169156 2.5709060430526738 -2.5905750989913936 0.026780778542160991 -0.27079498767852778 0.051688499748706825 3437.2875976562505 355.89773559570318 3839.244995117188 26.323872566223148 0.048949500545859344 0.020323135890066627 2.2321540117263798 8.182911157608034 18.635700225830082 0.25353999435901647 0.69949516654014599 1.2829099893569949 0.02081664185971022 0.16403149813413623 0.068330496549606337 0.67678138613700878 0.13332200050354007 0.0035491252783685927 17.714038848876957 0.020135842263698581 -3.0074909925460811 0.21497244387865069 0.21101649850606921 0.45272450149059301
decision_type=2 2 2 2 2 2 2 2 2 2 2 2 2 2 2 2 2 2 2 2 2 2 2 2 2 2 2 2 2 2
left_child=2 4 -1 13 25 -3 -5 8 9 10 -6 15 17 14 24 -12 21 18 19 -13 -20 26 -18 -7 -4 -2 -11 -9 -29 -16
right_child=1 5 3 6 7 23 -8 27 -10 16 11 12 -14 -15 29 -17 22 -19 20 -21 -22 -23 -24 -25 -26 -27 -28 28 -30 -31
leaf_value=-0.039896078910829538 -0.026786275905875116 -0.0032310067321116038 -0.019649889870467063 -0.015004252979871058 -0.010459121358674845 0.022167464007418584 0.013194433621921794 -0.0070541003033029208 0.0084447036616571471 -0.00097413383633093795 -0.014853512023360466 0.0063913013792142002 -0.0097757580722151721 -0.013384820699146868 -0.029666832430546655 0.0001839282908208208 -0.007200419424204913 0.014910335907969585 0.00053391875012748951 -0.0080826021123221667 0.01602150439186318 0.0011686538653323437 -0.022791838656301206 0.0056875052326510874 -0.0053057353941726197 -0.012458561904816994 -0.011567550560100774 -0.0089070409781171443 -0.022961884848799696 -0.015964612639879208
leaf_weight=119.35612408816814 22.050237596035004 19.378970697522163 15.09070611000061 19.259595185518265 24.333096988499165 32.650386534631252 13.531281732022761 21.916530713438988 19.494634926319122 13.783811755478384 13.479026742279528 21.811526298522949 17.149051152169704 29.411754176020622 193.55573309957981 19.970392726361752 16.380410425364975 21.41662622988224 12.58868231624365 14.889895394444464 12.761845655739306 12.915978550910948 15.180795677006243 10.116541050374506 13.932041376829147 22.987733721733093 16.75822139531374 17.583598971366886 14.319575384259222 20.50746413320303
leaf_count=685 141 155 102 138 183 320 125 169 174 112 96 191 129 215 1245 167 126 201 106 114 122 109 100 90 108 169 124 133 93 145
internal_value=-0.0165368 -0.00411056 -0.0284886 -0.0236191 -0.00712102 0.0121661 -0.00267855 -0.00481563 -0.00263671 -0.00374221 -0.000275751 0.00161508 0.00445793 -0.0260097 -0.0272742 -0.00605076 -0.0105131 0.00785132 0.00453226 0 0.0099064 -0.00487114 -0.0166059 0.0193345 -0.0145308 -0.0211244 -0.00789767 -0.0140232 -0.0172199 -0.0286851
internal_weight=838.562 413.918 424.645 305.289 351.772 62.1459 32.7909 306.734 252.914 233.419 158.4 134.067 100.618 272.498 243.086 33.4494 75.0192 83.4686 62.0519 36.7014 25.3505 43.458 31.5612 42.7669 29.0227 45.038 30.542 53.8197 31.9032 214.063
internal_count=6087 3324 2763 2078 2759 565 263 2449 2054 1880 1309 1126 863 1815 1600 263 571 734 533 305 228 345 226 410 210 310 236 395 226 1390
is_linear=0
shrinkage=0.02


Tree=2
num_leaves=28
num_cat=0
split_feature=1 1 0 27 23 12 35 33 0 22 35 35 29 35 35 27 35 29 2 3 29 12 29 29 1 21 26
split_gain=308.313 56.5926 32.8423 32.2785 31.4073 22.8915 15.0382 12.6248 9.07106 8.96217 9.79196 24.0212 11.3035 11.6726 11.5867 9.65523 9.42051 8.20952 9.09312 7.60194 5.38515 5.20229 4.21957 4.12266 6.37231 4.11336 2.12169
threshold=-0.18859449774026868 0.63102951645851146 -2.7149544954299922 0.026822119951248172 -3.0115330219268794 -0.064135765656828866 19.499699592590336 0.21145649999380114 1.3883990049362185 3.8107069730758671 20.339205741882328 20.186334609985355 0.57949998974800121 15.163166999816896 17.293427467346195 0.020189960487186912 14.117328166961672 0.65150001645088207 2409.3332519531255 42.569156646728523 0.33849999308586126 -0.51249170303344715 0.57949998974800121 0.331499993801117 0.29464700818061834 0.67969998717308056 0.99995204806327831
decision_type=2 2 2 2 2 2 2 2 2 2 2 2 2 2 2 2 2 2 2 2 2 2 2 2 2 2 2
left_child=2 4 -1 17 6 -3 7 19 -7 10 11 12 13 -6 -15 -16 -11 18 -4 20 -2 -9 -10 24 -23 -5 -18
right_child=1 5 3 25 9 8 -8 21 22 16 -12 -13 -14 14 15 -17 26 -19 -20 -21 -22 23 -24 -25 -26 -27 -28
leaf_value=-0.039117475259326719 -0.021962248112585469 -0.0077653257288949331 -0.0095015443147084683 -0.010045560901789503 -0.026343151595250532 0 0.01347442671784474 0.010076019712293192 0.020593284103931752 0.0074925347115801294 -0.028968283021599778 0.0064514698609133428 0 0 -0.023330500755649176 -0.003320355078460398 -0.0021866493094951618 -0.0088006657197348247 -0.029330402924406619 0 -0.0031235864463284957 -0.011970444322868064 0.0051183194058330144 0.0054012127757750448 0.0030898343378063537 0.0035606964404006148 -0.014530767400054915
leaf_weight=113.10253392159939 21.66232343018055 22.531117729842663 16.67641095072031 13.913539603352548 45.46592653542757 13.15863962471485 20.441064216196537 17.287317767739296 43.096800535917282 13.858547873795031 20.389845326542854 19.197876341640949 15.624470822513102 22.66274094581604 31.159872144460678 18.596417732536793 14.994103997945784 15.926093868911265 210.99869506806135 15.891419559717177 13.202684491872786 21.877735167741776 15.720851831138132 17.382809594273567 15.680536337196825 13.559427276253698 19.04248383641243
leaf_count=636 145 173 124 103 296 108 190 157 419 123 126 168 128 187 206 147 120 118 1337 132 104 162 139 151 135 116 137
internal_value=-0.0161374 -0.00495988 -0.0292961 -0.024742 -0.00855563 0.00853679 -0.00107173 -0.00391146 0.0140132 -0.013244 -0.0154076 -0.0129453 -0.0159614 -0.0180305 -0.0117062 -0.0168449 -0.00458448 -0.0270485 -0.0281072 -0.0112957 -0.0161693 0.00125524 0.0172298 -0.00155306 -0.00542621 -0.00298438 -0.0102504
internal_weight=843.102 458.926 384.177 271.074 364.418 94.5074 143.426 122.985 71.9763 220.992 173.097 152.707 133.509 117.885 72.419 49.7563 47.8951 243.601 227.675 50.7564 34.865 72.2284 58.8177 54.9411 37.5583 27.473 34.0366
internal_count=6087 3653 2434 1798 2814 839 1176 986 666 1638 1258 1132 964 836 540 353 380 1579 1461 381 249 605 558 448 297 219 257
is_linear=0
shrinkage=0.02


Tree=3
num_leaves=27
num_cat=0
split_feature=1 1 20 23 16 29 35 16 29 8 31 35 29 16 4 35 35 10 35 9 15 18 10 35 10 31
split_gain=291.367 54.4387 30.5154 30.0899 26.1064 16.9876 14.5508 12.3187 10.7681 9.96631 9.09126 10.3518 8.73758 7.07362 6.75946 6.6529 5.92557 10.1673 4.82087 4.53666 4.10554 3.69754 3.55179 2.46173 2.09056 1.94189
threshold=-0.18859449774026868 0.63102951645851146 -2.7149544954299922 -3.0115330219268794 -0.60785751044750203 0.37450000643730169 19.499699592590336 -1.0000000180025095e-35 0.14850000292062762 -2.3110140562057491 0.0025859951274469499 13.447147369384767 0.36650000512599951 0.87837952375411998 1231.4156494140627 20.325174331665043 14.395359992980959 -10.695179939270018 15.895242691040041 0.38816849887371069 1.0000000180025095e-35 0.47407850623130804 -3.8720904588699336 13.336585044860842 -5.6725525856018058 0.017811480909585956
decision_type=2 2 2 2 2 2 2 2 2 2 2 2 2 2 2 2 2 2 2 2 2 2 2 2 2 2
left_child=2 3 -1 6 8 13 10 9 -3 -5 11 -2 25 14 -4 20 17 -13 -18 -12 -11 -6 -14 -7 -25 -9
right_child=1 4 5 7 21 23 -8 12 -10 15 19 16 22 -15 -16 -17 18 -19 -20 -21 -22 -23 -24 24 -26 -27
leaf_value=-0.037881951185932648 -0.010682544254815575 -0.015631577748187037 -0.030254913214343173 -0.016558341829795084 0.0050701725959115393 -0.0031157670875871595 0.013298495161922393 -0.022172435186362086 0.0058365950538744995 0.0088380345282431279 -0.0034257669653683181 -0.0024149158666104537 -0.011849126258833281 -0.012703456833232468 -0.015266209564415139 -0.0089123969072822072 -0.0081349528442117777 0.018417331003284517 0.0054456708488215136 -0.020365637489290961 -0.0034365773987296649 0.018769151954907234 0 -0.019224418361174802 -0.0057261060570664756 -0.0084372430508464265
leaf_weight=114.53847624361515 25.095200501382351 17.175426557660106 161.72712481021881 23.989436477422714 18.167105317115784 15.58076014369726 20.337988764047623 76.633855387568474 13.44333680719137 21.965342223644257 18.030627854168415 13.001356840133669 28.043910205364227 25.325577907264233 30.017357215285301 25.833677865564823 19.051603250205517 18.221558935940266 15.74571970105171 13.999335661530493 14.210022032260893 45.414329633116722 16.135061331093311 24.869783781468865 15.784182511270048 15.108122028410433
leaf_count=636 187 122 999 167 160 122 190 518 117 197 144 104 205 180 211 195 145 176 137 93 111 440 132 167 119 113
internal_value=-0.015746 -0.004863 -0.0284552 -0.00837739 0.00840138 -0.0240637 -0.0010453 -0.0129519 -0.00593123 -0.00631895 -0.00383272 -0.00026809 -0.0167776 -0.0267537 -0.0282825 -0.00146866 0.00369307 0.00970702 -0.00151613 -0.0125107 0.00361199 0.0155601 -0.00789123 -0.0125135 -0.0151954 -0.0204604
internal_weight=847.446 459.603 387.843 365.403 94.2002 273.305 143.483 221.919 30.6188 85.9985 123.145 91.1154 135.921 217.07 191.744 62.009 66.0202 31.2229 34.7973 32.03 36.1754 63.5814 44.179 56.2347 40.654 91.742
internal_count=6087 3653 2434 2814 839 1798 1176 1638 239 670 986 749 968 1390 1210 503 562 280 282 237 308 600 337 408 286 631
is_linear=0
shrinkage=0.02


Tree=4
num_leaves=30
num_cat=0
split_feature=1 1 23 0 27 7 35 35 6 31 35 29 2 22 35 35 35 29 35 35 7 35 10 29 35 21 26 3 27
split_gain=275.888 52.4197 28.7631 28.3527 29.9446 21.531 14.1008 10.6766 10.166 8.76244 9.95981 7.18495 8.06445 5.74791 11.9623 6.78142 18.42 8.88951 8.71353 12.984 7.63343 5.73215 9.91824 5.14674 4.65338 3.91244 2.54815 2.04616 0.335223
threshold=-0.18859449774026868 0.63102951645851146 -3.0115330219268794 -2.7149544954299922 0.026822119951248172 25.388464927673343 19.499699592590336 14.395359992980959 0.042694998905062682 0.0025859951274469499 13.447147369384767 0.65150001645088207 2409.3332519531255 4.028307557106019 14.117328166961672 20.339205741882328 20.214862823486332 0.57949998974800121 15.163166999816896 17.293427467346195 24.825585365295414 14.395359992980959 -10.695179939270018 0.57949998974800121 15.895242691040041 0.67969998717308056 0.99997565150260936 36.302745819091804 0.025514765642583374
decision_type=2 2 2 2 2 2 2 2 2 2 2 2 2 2 2 2 2 2 2 2 2 2 2 2 2 2 2 2 2
left_child=3 2 6 -1 11 7 9 -3 -4 10 -2 12 -5 15 -15 16 17 18 28 -20 -21 22 -12 -7 -23 -6 -9 -11 -10
right_child=1 5 8 4 25 23 -8 26 13 27 21 -13 -14 14 -16 -17 -18 -19 19 20 -22 24 -24 -25 -26 -27 -28 -29 -30
leaf_value=-0.036723233652136117 -0.010455916574889925 -0.013383034115564246 6.5632186855449202e-05 -0.0090210285139550473 -0.0094717332108692626 0.022471085529697479 0.013125091855532638 0.010942132683102393 -0.031370908407883993 -0.01803202410119006 -0.0023739626633363813 -0.0084093802201055824 -0.027750179008969329 0.0074170388262418518 -0.01329691199520436 -0.029432747523224004 0.005866748474636441 -0.00027506688158986743 0 -0.0041548509894764095 -0.023325586752162022 -0.0079741098109794781 0.018210358038148588 0.0048293712991428076 0.0053632043599450372 0.0037751590035730231 0 -0.0047216643098590754 -0.016497091831027769
leaf_weight=115.8702447116375 25.19039697945118 15.368243381381033 19.728819586336613 16.818451516330242 14.059117160737516 30.397602282464504 20.235225394368172 13.899948291480539 20.970373168587685 14.365947484970091 13.012768372893335 16.036535277962685 214.83223008364439 13.830449886620043 27.496772162616253 15.341412477195261 14.389017462730406 15.384823068976401 22.787262819707394 16.769969895482063 30.946088649332523 19.107116162776947 18.095455206930637 14.787670455873011 15.71451950073242 13.626480266451834 19.447101823985577 17.786419592797756 25.181398034095764
leaf_count=636 187 110 163 124 103 306 190 128 123 97 104 118 1337 123 199 90 126 124 187 130 200 145 176 132 137 116 163 140 173
internal_value=-0.0153746 -0.00476945 -0.00820661 -0.0276679 -0.023431 0.00827247 -0.00102967 -0.000672457 -0.0126652 -0.00376819 -0.000260615 -0.0256246 -0.0266083 -0.0139818 -0.00588083 -0.0157852 -0.0136594 -0.0160184 -0.0178685 -0.0119883 -0.0176266 0.00363017 0.00956198 0.0177727 -0.00147838 -0.00256836 0.00525618 -0.0122692 -0.0251646
internal_weight=851.478 460.235 366.334 391.243 275.373 93.9006 143.508 48.7153 222.826 123.273 91.1203 247.687 231.651 203.098 41.3272 161.77 146.429 132.04 116.655 70.5033 47.7161 65.9299 31.1082 45.1853 34.8216 27.6856 33.3471 32.1524 46.1518
internal_count=6087 3653 2814 2434 1798 839 1176 401 1638 986 749 1579 1461 1475 322 1153 1063 937 813 517 330 562 280 438 282 219 291 237 296
is_linear=0
shrinkage=0.02


Tree=5
num_leaves=30
num_cat=0
split_feature=1 1 23 27 29 7 10 0 0 25 5 3 3 35 36 27 27 35 35 29 27 10 35 35 34 29 29 35 29
split_gain=253.196 61.2351 30.7956 29.1787 23.0675 21.6104 14.8992 14.4163 19.1794 14.4017 17.9975 12.625 10.8441 10.2711 7.89599 7.43049 7.18208 20.3508 6.89145 6.13382 5.95199 5.78999 4.54318 4.46504 4.29318 2.67815 1.74358 1.27545 1.06397
threshold=-0.18859449774026868 0.63102951645851146 -3.0115330219268794 0.026761372573673729 0.16350000351667407 47.468580245971687 -6.7698559761047354 -1.8972054719924925 -1.8070985078811643 0.0035754471318796281 0.74922147393226635 44.640336990356452 52.431823730468757 17.44835186004639 0.00014065013965591791 0.020502476021647457 0.020400431007146839 17.136705398559574 17.339521408081058 0.37150000035762792 0.025514765642583374 -0.7360984981060027 13.433555126190187 20.129299163818363 0.65098866820335399 0.25949999690055853 0.3445000052452088 20.061003684997562 0.31049999594688421
decision_type=2 2 2 2 2 2 2 2 2 2 2 2 2 2 2 2 2 2 2 2 2 2 2 2 2 2 2 2 2
left_child=3 2 5 7 13 15 -5 -1 26 10 12 -10 16 -3 23 -2 18 20 -4 22 -18 28 -7 -14 -6 -23 -9 -13 -17
right_child=1 4 9 6 24 19 -8 8 11 -11 -12 27 14 -15 -16 21 17 -19 -20 -21 -22 25 -24 -25 -26 -27 -28 -29 -30
leaf_value=-0.03347304834882079 -0.0054571497140797984 -0.01628328405051966 -0.0057973953587290373 0.0018523382837644907 0.0049449442276592159 -0.020047795330272712 -0.019528490047304184 -0.010037274778967471 -0.030920403945899792 0.0040089065637978361 -0.024865924231328339 -0.0069505110698564534 0.012083063018145875 0.0048975489424269766 -0.010109981736970865 0.016995688758474414 -0.025042089758149422 0.0074910554139224692 -0.024335052494784844 0.00039100667742156356 -0.0052314770112456407 -0.0022617867460304674 -0.0041300300463630139 -0.0018470659536678135 0.019220825435821622 0.0079793834990632782 0 -0.018821824298164258 0.0048107737925744461
leaf_weight=163.1214164942503 15.705678924918173 12.890361197292806 17.03681044280529 21.071049861609936 18.250374265015125 21.708810351788998 24.344952329993248 15.526816517114641 96.598446786403656 16.060754954814911 48.772524081170559 16.091941379010677 12.499717950820925 17.217161014676094 25.96786255389452 22.482630833983421 15.672513768076895 19.302995719015598 36.181297108530998 12.354573398828505 16.661683149635792 20.688922837376595 18.16358145326376 16.359147436916828 47.926171958446503 13.264014087617396 12.43363533914089 42.74251464754343 12.947734989225863
leaf_count=922 124 89 131 175 163 146 157 109 569 136 310 118 115 152 194 215 96 170 232 102 127 167 144 130 467 118 98 284 114
internal_value=-0.0145684 -0.00436758 -0.00816309 -0.0263174 0.00951001 -0.000519015 -0.00969551 -0.0283368 -0.0231957 -0.0126819 -0.0141011 -0.0259623 -0.0102922 -0.00422057 -0.00244417 0.00549369 -0.0140283 -0.00738298 -0.0193824 -0.0104434 -0.0167107 0.00837228 -0.0140595 0.00412841 0.0159581 0.00152079 -0.00614497 -0.0163931 0.0137864
internal_weight=850.046 458.115 361.831 391.931 96.2841 137.316 45.416 346.515 183.393 224.515 208.455 155.433 159.682 30.1075 54.8267 85.089 104.855 51.6372 53.2181 52.227 32.3342 69.3833 39.8724 28.8589 66.1765 33.9529 27.9605 58.8345 35.4304
internal_count=6074 3642 2771 2432 871 1130 332 2100 1178 1641 1505 971 1195 241 439 738 756 393 363 392 223 614 290 245 630 285 207 402 329
is_linear=0
shrinkage=0.02


Tree=6
num_leaves=41
num_cat=0
split_feature=22 8 8 23 6 8 22 9 9 29 9 25 35 22 35 9 35 35 27 4 27 35 35 27 27 27 27 27 35 27 35 27 29 35 35 22 25 35 29 27
split_gain=42.9545 52.9733 37.9057 36.7275 38.9245 22.6646 21.6704 16.691 21.6201 20.8804 16.0341 15.5865 12.543 11.1486 10.6066 17.8881 14.3988 11.4437 6.98877 8.56325 14.321 11.3591 9.22655 6.90629 5.6029 5.05859 11.6336 4.96158 7.06762 4.74724 34.1436 4.43854 4.11493 3.93375 3.90928 3.35539 2.85619 1.95376 1.26774 0.643464
threshold=-7.3595340251922599 -9.810358524322508 -6.4686470031738272 8.8054957389831561 0.036589000374078758 -0.69576099514961232 0.49569901823997503 0.39175350964069372 0.32481449842453008 0.41150000691413885 0.3014924973249436 0.0030987481586635117 20.516810417175297 7.1942574977874765 15.241779804229738 0.34437899291515356 14.757070541381838 20.090061187744144 0.026886689476668838 -779.87850952148426 0.019719469361007217 20.129299163818363 14.999250888824465 0.020241752266883854 0.02056640945374966 0.020533129572868351 0.024215081706643108 0.026709518395364288 13.68452310562134 0.020176130346953872 16.609605789184574 0.026843791827559475 0.21749999374151233 14.117328166961672 13.993029594421388 -1.217770993709564 0.0016985387774184348 14.359539031982424 0.22049999982118609 0.020486099645495418
decision_type=2 2 2 2 2 2 2 2 2 2 2 2 2 2 2 2 2 2 2 2 2 2 2 2 2 2 2 2 2 2 2 2 2 2 2 2 2 2 2 2
left_child=1 11 34 4 23 7 25 8 31 29 -8 -1 37 18 15 32 27 24 19 21 -21 -12 33 -4 38 36 -27 28 -17 -9 -31 35 -10 -22 -2 -6 -7 -5 -16 -25
right_child=2 -3 3 12 5 6 10 9 14 -11 13 -13 -14 -15 17 16 -18 -19 -20 20 22 -23 -24 39 -26 26 -28 -29 -30 30 -32 -33 -34 -35 -36 -37 -38 -39 -40 -41
leaf_value=-0.016660154747206484 0.018474625379573343 -0.035716797402940335 -0.0041709092480747313 0.0036503310930464166 -0.02639413000234396 -0.033781070312709036 0.0038095876488395894 -0.028754339642506677 0.0098477144495584274 0.0018793095335021518 -0.029462204378312817 0.010521254223182862 -0.0099861227659978416 0 -0.002006978023113155 -0.019527041706709308 -0.029685715385745281 -0.010861657036556163 -0.0020602755798796225 -0.021734335610589985 -0.0017488815726427523 -0.0092414541569484174 0.0079342874692749279 0.014900394620669071 0.016058929666371735 -0.0020218561143408604 -0.022823377126984314 0.0024322150537467477 0 -0.032634347687134857 0.0040438754907728023 -0.0064699020704479639 -0.0024982327606780405 -0.016637326495122264 0.00018088260637672088 -0.0089292681526452877 -0.016449512049993932 0.017315136497823947 0.0058993056647245381 0.0033343312371352158
leaf_weight=12.99284464120865 11.67335504293442 70.436077870428562 18.066498026251793 14.569554738700392 25.695078566670418 53.475809998810291 15.440362386405466 37.575569048523903 17.057775035500526 14.502268835902212 50.536481872200966 14.410236746072767 12.167267583310602 16.785200178623199 13.784101575613024 14.06211104989052 14.815674714744089 12.949277959764002 14.892079927027224 37.248234562575817 18.326443858444691 22.868021696805954 13.020029373466967 11.333756543695928 18.692473173141479 16.091633826494217 65.079550482332706 12.702666953206061 13.917225003242491 16.428659342229366 18.312771379947662 19.491540968418121 17.43212603032589 15.652086809277533 10.331621766090391 15.366843894124029 20.073282785713673 13.594574548304079 10.271420627832411 11.335039652884005
leaf_count=86 119 375 142 127 156 299 134 222 155 120 295 131 86 137 110 90 84 93 117 243 146 170 114 107 176 119 410 106 112 89 154 143 141 106 87 114 131 136 92 100
internal_value=-0.0142342 -0.0268365 -0.0124764 -0.0132747 -0.0143596 -0.0155471 -0.0190384 -0.0110473 -0.00759404 -0.0185003 -0.0141573 -0.0020809 0.00461582 -0.0157631 -0.00310766 -0.00733206 -0.014159 0.0034027 -0.0172522 -0.0184975 -0.012783 -0.0240347 -0.00441034 0.00396728 0.00858977 -0.0249794 -0.0191563 -0.00639619 -0.0108973 -0.0227648 -0.0139861 -0.0174169 0.00337368 -0.0099414 0.0117375 -0.021365 -0.0301422 0.0119199 0.000909494 0.0109618
internal_weight=853.458 97.8392 755.618 733.613 693.282 652.547 359.489 293.058 206.238 86.8193 204.769 27.4031 40.3314 189.329 145.685 89.9876 55.4977 55.6973 172.543 157.651 84.2468 73.4045 46.9986 40.7353 42.748 154.72 81.1712 40.682 27.9793 72.317 34.7414 60.5535 34.4899 33.9785 22.005 41.0619 73.5491 28.1641 24.0555 22.6688
internal_count=6074 592 5482 5276 4927 4578 2421 2157 1572 585 1462 217 349 1328 1159 688 392 471 1191 1074 609 465 366 349 378 959 529 308 202 465 243 413 296 252 206 270 430 263 202 207
is_linear=0
shrinkage=0.02


Tree=7
num_leaves=29
num_cat=0
split_feature=1 1 27 23 29 7 10 0 0 7 1 12 35 35 27 22 35 33 13 27 35 27 29 34 35 33 9 29
split_gain=230.917 54.6338 30.8654 26.1038 22.253 21.8492 16.4716 14.1766 16.5358 13.6402 12.1177 11.6212 11.3745 9.74339 8.59707 8.16956 7.84977 7.58659 5.87017 6.83526 5.12695 14.4089 5.51382 4.21328 2.93695 3.49925 4.16624 1.6878
threshold=-0.15377149730920789 0.63102951645851146 0.026780778542160991 -3.0115330219268794 0.16350000351667407 47.468580245971687 -6.7698559761047354 -1.8972054719924925 -1.8070985078811643 18.635700225830082 -0.59270149469375599 0.25192940980196005 13.703182697296144 17.44835186004639 0.020520396530628208 -1.217770993709564 14.757070541381838 0.27945336699485784 0.16403149813413623 0.02079898584634066 16.609605789184574 0.020164476707577709 0.21149999648332599 0.65098866820335399 20.331821441650394 0.37024939060211187 0.38543249666690832 0.3445000052452088
decision_type=2 2 2 2 2 2 2 2 2 2 2 2 2 2 2 2 2 2 2 2 2 2 2 2 2 2 2 2
left_child=2 3 7 5 13 14 -4 -1 27 -10 -11 12 -5 -3 -2 -7 -13 -17 -16 -20 -18 -22 -23 -6 25 26 -14 -9
right_child=1 4 6 11 23 15 -8 8 9 10 -12 16 24 -15 18 17 20 -19 19 -21 21 22 -24 -25 -26 -27 -28 -29
leaf_value=-0.031659600393907729 -0.0045466276086614278 -0.015870439109774627 0.0037653279279364349 -0.01795205935364471 0.004756193334781101 -0.018066387058393571 -0.018647052261818384 -0.0096994350874636866 -0.0066229927315868218 -0.0090902150225545906 -0.028811342522451013 -0.00016835325689027125 0.0049076644914503465 0.0047286419302716189 0.018660813706541695 -0.011000636671338515 -0.027791510603128348 0.0074940934909534579 -0.0046878093612912975 0.01067718606372583 -0.019458174666804478 -0.0085635454878374775 0.0067705229922649813 0.018907052644151167 -0.0069949066122628424 0.0091794635885893427 -0.0075880506902605543 0
leaf_weight=167.06371890753508 17.969988003373146 12.979295097291471 22.019321478903294 19.696601256728172 18.161125242710114 23.797220535576344 23.4552878215909 15.609759069979193 21.069103926420212 21.113438613712788 129.23523313552141 14.411424390971659 15.387268364429472 17.144431754946709 19.194824457168579 14.982300713658335 20.627425156533718 13.79779166728258 15.563755989074705 24.491158470511436 62.162697538733482 19.562988251447681 12.15240817517042 47.411908887326717 21.718945577740669 13.180962294340132 20.200927577912807 12.464494675397871
leaf_count=930 143 89 185 132 163 160 150 109 155 152 758 112 134 152 188 110 124 122 124 223 412 144 105 467 164 118 151 98
internal_value=-0.0139196 -0.0038228 -0.0246598 -0.00752066 0.00927532 -0.000231375 -0.00782074 -0.0266143 -0.0218839 -0.0242434 -0.0264043 -0.0116874 -0.00555495 -0.00417654 0.00629939 -0.0100052 -0.0156019 -0.00163412 0.00997078 0.00433179 -0.0173202 -0.0140236 -0.00203453 0.015659 -0.00122721 0.00121156 -0.00170548 -0.00588354
internal_weight=856.626 444.595 412.03 348.899 95.6968 129.797 45.4746 366.556 199.492 171.418 150.349 219.102 90.1847 30.1237 77.2197 52.5773 128.917 28.7801 59.2497 40.0549 114.506 93.8781 31.7154 65.573 70.4881 48.7692 35.5882 28.0743
internal_count=6074 3537 2537 2666 871 1070 335 2202 1272 1065 910 1596 699 241 678 392 897 232 535 347 785 661 249 630 567 403 285 207
is_linear=0
shrinkage=0.02


Tree=8
num_leaves=31
num_cat=0
split_feature=20 20 20 12 9 13 22 6 25 35 35 2 7 29 35 25 4 20 10 13 33 29 20 2 20 20 34 29 25 25
split_gain=209.685 41.9373 34.3333 24.0847 17.2609 17.201 10.7263 10.6288 9.90996 12.4191 14.5902 13.0132 9.00437 13.5742 7.50242 6.42276 4.60613 5.75725 5.91959 4.49553 4.20255 4.65702 3.24932 2.91306 2.51967 3.3782 2.20132 1.34572 0.679732 0.0125233
threshold=0.048949500545859344 -1.9610569477081297 2.5709060430526738 -0.064135765656828866 0.45272450149059301 -0.19225449860095975 -4.3607215881347647 0.052771499380469329 0.0030987481586635117 13.703182697296144 20.331821441650394 2651.373413085938 18.214367866516117 0.37150000035762792 13.292783737182619 0.001608386402949691 355.89773559570318 2.214666604995728 -10.204450130462645 0.16834650188684466 0.10505983978509904 0.30650000274181372 0.35418500006198889 2835.7360839843755 -0.20257399976253507 -1.4898205399513242 0.65005943179130565 0.75499999523162853 0.0041376498993486175 0.0027595123974606399
decision_type=2 2 2 2 2 2 2 2 2 2 2 2 2 2 2 2 2 2 2 2 2 2 2 2 2 2 2 2 2 2
left_child=1 14 5 -4 6 15 7 -3 9 19 16 -12 -8 24 -1 -2 17 18 -11 -7 -20 22 -22 -9 25 -14 -5 -10 29 -15
right_child=2 4 3 26 -6 8 12 23 27 10 11 -13 13 28 -16 -17 -18 -19 20 -21 21 -23 -24 -25 -26 -27 -28 -29 -30 -31
leaf_value=-0.013614297018995665 -0.024877418841860167 0.0042760787079334393 -0.01047155615383681 0.0066829696905213835 0 -0.0049858410898546719 -0.0060105602160970186 -0.0056537878226715198 0.012308753472861016 -0.0052403762197125517 0.00016779834757696708 -0.021789176683337325 -0.016140491552480707 -0.0056345872027970282 -0.031263985726725743 -0.0043722463236217923 -0.0065070743709810166 -0.0058604964878124057 -0.0016774358577961463 -0.020943741652656396 0.0023211198532757525 -0.0013913218906557829 0.013883361698145682 -0.018401948483776562 -0.014728442106349602 -0.028462945066748103 0.020833852317028782 0.00098337311545436748 -0.003088806538570148 -0.01502639973136312
leaf_weight=21.871115826070309 18.417789556086063 13.858887918293474 12.601099975407122 14.705471731722353 23.01297951489687 20.836773410439491 23.15415083616972 21.858404949307442 13.893945083022119 15.087808653712271 16.54280249774456 20.648844353854656 35.640479750931263 15.009183719754217 162.67559599876404 14.536277756094931 21.216779038310051 20.286942757666111 14.11028318107128 17.960756987333298 19.731217727065086 11.017137601971625 44.104616641998291 27.173670269548893 33.891356661915779 106.50293182581663 35.632617607712746 12.050291202962397 14.103095166385172 17.484830506145954
leaf_count=146 110 118 91 136 182 160 172 164 128 117 139 132 238 110 893 108 157 155 115 116 170 90 413 174 231 620 363 101 107 118
internal_value=-0.0136069 -0.0216287 -0.00140622 0.0115231 -0.0169475 -0.00446974 -0.0181817 -0.00946577 -0.00246487 -0.00391979 -0.00151993 -0.0122416 -0.0201905 -0.0214771 -0.0295301 -0.0175082 0.00127689 0.0028842 0.00489245 -0.0138248 0.0069433 0.00882728 0.0108734 -0.0137569 -0.0241506 -0.0259085 0.0176833 0.00838659 -0.0101239 -0.0120946
internal_weight=859.618 516.237 343.381 62.9392 331.69 280.442 308.677 62.891 247.488 221.544 182.746 37.1916 245.786 222.632 184.547 32.9541 145.555 124.338 104.051 38.7975 88.9633 74.853 63.8358 49.0321 176.035 142.143 50.3381 25.9442 46.5971 32.494
internal_count=6074 3273 2801 590 2234 2211 2052 456 1993 1764 1488 271 1596 1424 1039 218 1217 1060 905 276 788 673 583 338 1089 858 499 229 335 228
is_linear=0
shrinkage=0.02


Tree=9
num_leaves=33
num_cat=0
split_feature=1 1 27 23 10 35 25 25 0 0 13 25 1 16 3 34 27 27 27 22 33 25 34 35 35 34 34 35 35 31 25 25
split_gain=209.105 50.7905 28.4694 24.2223 15.6467 15.4763 14.3891 13.237 12.0417 14.9153 10.4828 7.78468 7.27315 6.37856 7.12223 7.7456 4.53666 4.47914 7.11759 4.09364 2.76355 3.18889 2.29786 2.04675 2.27594 1.70791 2.75548 1.69178 1.66683 1.19906 0.47839 0.364642
threshold=-0.15377149730920789 0.63102951645851146 0.026780778542160991 -3.0115330219268794 -6.7698559761047354 13.57487201690674 0.0010336628765799107 0.0035754471318796281 -1.8972054719924925 -1.8070985078811643 -0.10135399922728537 0.0017408468993380668 -0.59270149469375599 -1.0000000180025095e-35 52.776353836059577 0.68017244338989269 0.02067661099135876 0.019719469361007217 0.019916786812245849 1.1019884943962099 0.27945336699485784 0.0018991541001014414 0.65098866820335399 14.254656791687013 16.045358657836918 0.70633026957511913 0.67162340879440319 19.545006752014164 20.111321449279789 0.018069960176944736 0.0023494389606639747 0.0030082636512815957
decision_type=2 2 2 2 2 2 2 2 2 2 2 2 2 2 2 2 2 2 2 2 2 2 2 2 2 2 2 2 2 2 2 2
left_child=2 3 8 5 -4 11 19 13 31 30 -7 -2 -11 14 15 -5 27 -15 -19 -3 21 -18 -8 -24 -25 26 -16 -12 -14 -20 -10 -1
right_child=1 6 4 7 -6 10 22 -9 9 12 16 -13 28 17 25 -17 20 18 29 -21 -22 -23 23 24 -26 -27 -28 -29 -30 -31 -32 -33
leaf_value=-0.032033294606777701 -0.018705881452725934 0.0043989279560591827 0.0039305577280935302 -0.00037394121663257015 -0.017831870952139183 -0.0089485727101260831 0.0049803998520951964 0.0053730059865407581 -0.0080366475806627931 -0.0087449284586490952 -0.0051725724505579792 0 -0.026224821695222507 -0.023877085993029862 0.001591321165068662 -0.018498506995896925 0.0098509212599605083 0 -0.016218554748461553 -0.0090465429170212552 0.014387228737246037 -0.0018560626458998814 0.022273682337095431 0.001541283287048981 0.015049344649529901 0.0046199067450659725 -0.0094337641977273144 0.0043233736201673681 -0.01348940459238755 -0.005319764319004364 -0.00057189749241954701 -0.020916458924594289
leaf_weight=130.28574106097221 19.70374508947134 13.716288134455683 22.095519341528416 17.014382876455784 23.698314875364304 17.263319671154022 18.40148301422596 14.620170228183268 15.3194812014699 21.228169791400433 11.796177104115488 13.017886683344839 129.94742580503225 28.053277194499969 13.652880638837816 28.241932727396488 14.048283934593202 15.178688257932661 64.025569871068001 14.837415374815462 28.007985167205334 13.965324766933916 21.454437501728535 14.138244032859804 12.448121182620524 11.814545042812822 13.113081447780131 12.024520978331564 22.279396273195744 14.744694143533705 12.851904980838297 39.35687892138958
leaf_count=696 130 123 185 134 150 126 166 125 108 152 93 105 766 174 113 186 129 119 436 111 266 113 223 124 124 102 97 108 147 110 99 234
internal_value=-0.0133119 -0.00368237 -0.0234457 -0.00722667 -0.00732555 -0.000193671 0.00900388 -0.0112207 -0.0253059 -0.0208951 0.00369276 -0.0116286 -0.0231186 -0.0125553 -0.00739869 -0.0125458 0.00689254 -0.0156762 -0.012358 -0.00214977 0.00987048 0.00375489 0.013971 0.0165277 0.00942661 -0.000410411 -0.00354455 0 -0.0247865 -0.0146931 -0.0056556 -0.0299783
internal_weight=862.345 445.282 417.063 350.286 45.7938 129.827 94.996 220.459 371.269 201.626 97.1056 32.7216 173.455 205.839 83.8368 45.2563 79.8423 122.002 93.949 28.5537 56.0216 28.0136 66.4423 48.0408 26.5864 38.5805 26.766 23.8207 152.227 78.7703 28.1714 169.643
internal_count=6074 3537 2537 2666 335 1070 871 1596 2202 1272 835 235 1065 1471 632 320 709 839 665 234 508 242 637 471 248 312 210 201 913 546 207 930
is_linear=0
shrinkage=0.02


Tree=10
num_leaves=29
num_cat=0
split_feature=1 1 0 27 16 27 35 2 35 6 9 9 35 18 18 9 2 34 27 18 35 16 35 35 35 34 30 3
split_gain=229.968 41.9832 36.9846 22.1263 21.3218 20.8117 22.7141 18.0354 17.9479 15.8387 11.4161 13.1791 11.5207 7.5156 6.65007 6.04015 5.93723 5.85512 5.69329 8.42816 5.23344 5.21235 3.24301 1.79807 5.75533 1.792 1.38611 1.22479
threshold=-0.15377149730920789 0.63102951645851146 -2.5905750989913936 0.026761372573673729 -0.60785751044750203 0.020176130346953872 17.860879898071293 3437.2875976562505 20.331821441650394 0.059771999716758735 0.46447350084781652 0.38339398801326757 14.757070541381838 0.25403249263763433 0.067972499877214446 0.45272450149059301 3100.1816406250005 0.69580462574958812 0.025679572485387329 0.42396299540996557 13.316586971282961 -0.60785751044750203 14.395359992980959 14.826568603515627 13.900605678558351 0.65098866820335399 0.014642098452895881 64.303617477417006
decision_type=2 2 2 2 2 2 2 2 2 2 2 2 2 2 2 2 2 2 2 2 2 2 2 2 2 2 2 2
left_child=2 5 23 14 22 9 10 -5 13 21 11 12 16 17 -4 -16 -7 -8 -18 20 -20 -2 -3 24 -1 -6 -13 -23
right_child=1 4 3 7 25 6 8 -9 -10 -11 -12 26 -14 -15 15 -17 18 -19 19 -21 -22 27 -24 -25 -26 -27 -28 -29
leaf_value=-0.029079550618260556 -0.0052050727435652604 -0.010090572614782993 -0.0082882558126198928 -0.015304960009166877 0.0057908333092941697 0.0076121388436706941 0.010085974883227542 0.010314279674473261 -0.01252714346925346 0.0021926810082515155 0.0066988595697279529 -0.019783502781472243 -0.017825609079246397 0.017282091976155888 -0.023211413609644398 -0.0085549474262070612 -0.011639830446739696 -0.0068655516806370911 0.0022409854069273148 0.00976905432034407 -0.012284042122413857 -0.022580270706364657 0.0011909690154824004 -0.035100520407531886 -0.0092589347952299877 0.017540105411637558 -0.0068193849256004751 -0.0092906286924493986
leaf_weight=23.878723792731762 18.371307596564293 15.263438709080221 25.252521976828575 20.944651797413826 16.713938772678375 20.382914803922176 14.250143185257913 16.776513233780861 12.684863738715647 17.626820348203182 18.811779044568539 34.614724598824978 17.55188924819231 32.631544217467308 209.32936634868383 21.546208336949348 21.984197676181793 11.589419700205324 13.168094448745249 18.835962951183319 18.866084888577461 48.116474188864231 15.872251860797403 101.40559659898281 17.292013317346573 46.810262657701969 14.464379534125326 15.758335895836352
leaf_count=126 140 111 178 143 154 181 131 147 88 146 168 226 116 308 1263 151 162 89 108 169 132 302 135 508 111 470 105 110
internal_value=-0.0131026 -0.00288514 -0.0233698 -0.018781 0.00866297 -0.0061148 -0.00285653 -0.0034992 0.00638008 -0.0137501 -0.00668954 -0.00848213 -0.00420271 0.0112184 -0.0208878 -0.0220564 -0.000954647 0.00186619 -0.00382136 0 -0.00606184 -0.0173584 -0.00415437 -0.0321082 -0.0224018 0.0151499 -0.0169597 -0.0201646
internal_weight=880.794 444.369 436.426 293.849 94.6599 349.709 249.836 37.7212 71.156 99.8729 178.68 159.868 110.789 58.4711 256.128 230.876 93.2373 25.8396 72.8543 50.8701 32.0342 82.2461 31.1357 142.576 41.1707 63.5242 49.0791 63.8748
internal_count=6178 3551 2627 1882 870 2681 1983 290 616 698 1367 1199 868 528 1592 1414 752 220 571 409 240 552 246 745 237 624 331 412
is_linear=0
shrinkage=0.02


Tree=11
num_leaves=35
num_cat=0
split_feature=1 1 0 5 23 29 35 5 12 36 12 29 8 35 35 29 25 23 29 35 35 35 10 34 36 35 3 35 35 3 3 35 35 35
split_gain=219.142 40.496 35.2031 19.5616 19.3762 14.517 12.7644 11.7288 9.10629 7.33251 7.11965 6.85255 6.20872 9.51172 9.21469 8.91132 5.42942 5.38945 5.04634 5.00176 12.507 6.11444 2.2746 2.2159 1.80117 4.37222 1.32407 13.0005 8.16373 7.58818 5.93164 4.30171 6.86534 0.872479
threshold=-0.15377149730920789 0.63102951645851146 -2.5905750989913936 -0.39073351025581354 -3.0115330219268794 0.50350001454353344 19.499699592590336 0.74922147393226635 0.50221209228038799 -0.0020912227919325228 -0.51249170303344715 0.33550000190734869 -4.3555531501770011 13.843307971954347 14.50618362426758 0.28149999678134924 0.00094183348119258891 -12.861135005950926 0.57949998974800121 20.331821441650394 15.241779804229738 14.095381259918215 -8.2832212448120099 0.69362604618072521 -0.0024569162633270021 14.781134128570558 40.22657775878907 13.336585044860842 12.933605194091799 36.975145339965827 44.640336990356452 15.669686794281008 20.715517044067386 20.081524848937992
decision_type=2 2 2 2 2 2 2 2 2 2 2 2 2 2 2 2 2 2 2 2 2 2 2 2 2 2 2 2 2 2 2 2 2 2
left_child=2 4 24 16 6 26 10 8 19 -10 23 -9 -12 15 -15 -14 -3 -7 -5 20 21 -6 -11 -2 -1 -26 27 28 -4 -29 -28 -32 33 -33
right_child=1 3 5 18 7 17 -8 11 9 22 12 -13 13 14 -16 -17 -18 -19 -20 -21 -22 -23 -24 -25 25 -27 30 29 -30 -31 31 32 -34 -35
leaf_value=-0.02108663534784648 0.011281331349384357 -0.0081577460550394994 -0.013585275204716689 0.019760745694584875 0.00062599808956313437 0.0019909005177162968 0.013567734927462244 -0.024319254833714457 0.00015082675475202472 -0.0039087708592640972 0.0030566466986115988 -0.0050407888335348115 -0.0078631372228738991 -0.026064989547736901 -0.0028335626675700062 0.010649894098516341 0.0058474936785453228 -0.011333445078208208 0.0041536846930588754 -0.0084052061592202985 0.012396514002831713 -0.015004814136172294 -0.015766750427662842 0 -0.020226937667684051 -0.037385550324429868 -0.027193747631351718 -0.025261341776838388 0.0051053112253480531 -0.0066634560053372436 -0.024122281661368556 -0.00030745081810867663 -0.022015655979056234 -0.0078433801225028712
leaf_weight=36.649542547762394 12.304902605712416 22.826398745179176 14.485314413905146 39.024163112044334 19.826338216662407 15.532585449516771 20.13377421349287 29.541279509663582 15.236558519303797 15.375217162072657 21.963353678584099 15.816350132226942 25.604320093989372 14.950721278786661 15.894153967499731 13.075074315071104 15.260827444493769 26.590240612626076 17.202774554491043 26.824290364980698 22.54607992619276 13.194293528795241 57.857233293354511 10.085180744528769 26.645292885601521 80.184680834412575 78.162325516343117 45.810554541647434 15.700746424496172 17.985950350761414 26.411548919975758 16.238359414041042 15.584558747708796 22.723249815404415
leaf_count=209 117 176 98 401 161 124 194 175 121 115 191 116 188 90 127 116 134 183 159 197 208 90 390 85 154 382 439 265 125 128 151 120 92 157
internal_value=-0.0128184 -0.00283299 -0.0228035 0.00853359 -0.00599703 -0.0183311 0 -0.00965946 -0.00685203 -0.0112453 -0.00269233 -0.0187401 -0.00527943 -0.00820615 -0.0159972 -0.000809077 -0.00204212 -0.00617122 0.0157757 -0.00167114 0.00150221 -0.00579399 -0.0137913 0.0064658 -0.0313055 -0.0339574 -0.0201807 -0.0158269 -0.00367834 -0.0208523 -0.0222885 -0.0165118 -0.0114138 -0.00542572
internal_weight=883.248 444.543 438.705 94.3142 350.229 295.225 134.011 216.218 170.86 88.469 113.878 45.3576 91.4876 69.5243 30.8449 38.6794 38.0872 42.1228 56.2269 82.391 55.5667 33.0206 73.2325 22.3901 143.48 106.83 253.103 93.9826 30.1861 63.7965 159.12 80.9577 54.5462 38.9616
internal_count=6178 3551 2627 870 2681 1882 1108 1573 1282 626 914 291 712 521 217 304 310 307 560 656 459 251 505 202 745 536 1575 616 223 393 959 520 369 277
is_linear=0
shrinkage=0.02


end of trees

feature_importances:
Cross_BTC_Gold_Ratio=79
avg_spread=33
tick_velocity=29
D1_Body_Ratio=22
D1_Ret_1=19
hl_ratio=14
H4_ATR_Ratio=12
H4_RSI_Divergence=12
TF_Hurst=12
D1_ATR_14=10
D1_ADX_14=10
Derived_Momentum_20D=10
D1_RSI_14=9
Cross_DXY_Return=9
Derived_Momentum_5D=9
XAUUSDc_return=8
Derived_Weekend_Gap=8
TF_OU_Theta=8
D1_Bollinger_Width=7
Derived_Weekday_Sin=6
D1_Vol_ZScore=5
H4_Trend_Strength=5
D1_MACD=4
Derived_Days_To_MonthEnd=4
EURUSDc_return=4
Cross_BTC_Gold_Ratio_ROC=4
Derived_Vol_Regime=3
co_ratio=2
AUDJPYc_return=2
Cross_Risk_On_Off=1

parameters:
[boosting: gbdt]
[objective: binary]
[metric: binary_logloss]
[tree_learner: serial]
[device_type: cpu]
[data_sample_strategy: bagging]
[data: ]
[valid: ]
[num_iterations: 2000]
[learning_rate: 0.02]
[num_leaves: 63]
[num_threads: 0]
[seed: 42]
[deterministic: 0]
[force_col_wise: 0]
[force_row_wise: 0]
[histogram_pool_size: -1]
[max_depth: -1]
[min_data_in_leaf: 100]
[min_sum_hessian_in_leaf: 0.001]
[bagging_fraction: 0.7]
[pos_bagging_fraction: 1]
[neg_bagging_fraction: 1]
[bagging_freq: 5]
[bagging_seed: 400]
[bagging_by_query: 0]
[feature_fraction: 0.7]
[feature_fraction_bynode: 1]
[feature_fraction_seed: 30056]
[extra_trees: 0]
[extra_seed: 12879]
[early_stopping_round: 0]
[early_stopping_min_delta: 0]
[first_metric_only: 0]
[max_delta_step: 0]
[lambda_l1: 1]
[lambda_l2: 3]
[linear_lambda: 0]
[min_gain_to_split: 0]
[drop_rate: 0.1]
[max_drop: 50]
[skip_drop: 0.5]
[xgboost_dart_mode: 0]
[uniform_drop: 0]
[drop_seed: 17869]
[top_rate: 0.2]
[other_rate: 0.1]
[min_data_per_group: 100]
[max_cat_threshold: 32]
[cat_l2: 10]
[cat_smooth: 10]
[max_cat_to_onehot: 4]
[top_k: 20]
[monotone_constraints: ]
[monotone_constraints_method: basic]
[monotone_penalty: 0]
[feature_contri: ]
[forcedsplits_filename: ]
[refit_decay_rate: 0.9]
[cegb_tradeoff: 1]
[cegb_penalty_split: 0]
[cegb_penalty_feature_lazy: ]
[cegb_penalty_feature_coupled: ]
[path_smooth: 0]
[interaction_constraints: ]
[verbosity: -1]
[saved_feature_importance_type: 0]
[use_quantized_grad: 0]
[num_grad_quant_bins: 4]
[quant_train_renew_leaf: 0]
[stochastic_rounding: 1]
[linear_tree: 0]
[max_bin: 255]
[max_bin_by_feature: ]
[min_data_in_bin: 3]
[bin_construct_sample_cnt: 200000]
[data_random_seed: 42]
[is_enable_sparse: 1]
[enable_bundle: 1]
[use_missing: 1]
[zero_as_missing: 0]
[feature_pre_filter: 1]
[pre_partition: 0]
[two_round: 0]
[header: 0]
[label_column: ]
[weight_column: ]
[group_column: ]
[ignore_column: ]
[categorical_feature: ]
[forcedbins_filename: ]
[precise_float_parser: 0]
[parser_config_file: ]
[objective_seed: 16083]
[num_class: 1]
[is_unbalance: 0]
[scale_pos_weight: 0.462913]
[sigmoid: 1]
[boost_from_average: 1]
[reg_sqrt: 0]
[alpha: 0.9]
[fair_c: 1]
[poisson_max_delta_step: 0.7]
[tweedie_variance_power: 1.5]
[lambdarank_truncation_level: 30]
[lambdarank_norm: 1]
[label_gain: ]
[lambdarank_position_bias_regularization: 0]
[eval_at: ]
[multi_error_top_k: 1]
[auc_mu_weights: ]
[num_machines: 1]
[local_listen_port: 12400]
[time_out: 120]
[machine_list_filename: ]
[machines: ]
[gpu_platform_id: -1]
[gpu_device_id: -1]
[gpu_use_dp: 0]
[num_gpu: 1]

end of parameters

pandas_categorical:null
