tree
version=v4
num_class=1
num_tree_per_iteration=1
label_index=0
max_feature_idx=36
objective=binary sigmoid:1
feature_names=Column_0 Column_1 Column_2 Column_3 Column_4 Column_5 Column_6 Column_7 Column_8 Column_9 Column_10 Column_11 Column_12 Column_13 Column_14 Column_15 Column_16 Column_17 Column_18 Column_19 Column_20 Column_21 Column_22 Column_23 Column_24 Column_25 Column_26 Column_27 Column_28 Column_29 Column_30 Column_31 Column_32 Column_33 Column_34 Column_35 Column_36
feature_infos=[-13.986119270324707:5.8284878730773926] [-0.92213797569274902:0.9713820219039917] [2191.7275390625:4598.5263671875] [15.833520889282227:76.092681884765625] [-5924.04638671875:3434.36181640625] [-3.8000049591064453:3.3837859630584717] [0.013729999773204327:0.18579399585723877] [9.3659124374389648:47.188930511474609] [-13.296599388122559:9.1188373565673828] [0.2696869969367981:0.61982697248458862] [-26.852569580078125:27.032110214233398] [-1:1] [-10.059465408325195:6.5846962928771973] [-1.4525489807128906:1.3526270389556885] [-1.3526270389556885:1.4525489807128906] [-1:1] [-0.97492802143096924:0.97492802143096924] [-0.90096902847290039:1] [0:0.96774202585220337] [0:1] [-13.986119270324707:5.8284878730773926] [0:0.98439997434616089] [-20.144699096679688:9.9830226898193359] [-34.253673553466797:16.275266647338867] none [4.9482121539767832e-05:0.048444293439388275] [0.97894781827926636:1.0266332626342773] [0.010082737542688847:0.14097625017166138] [-1:1] [0.0060000000521540642:14.071999549865723] [-0.71480286121368408:0.5319100022315979] [-0.20087212324142456:0.55989921092987061] [-0.33357429504394531:0.48756769299507141] [0:18.420680999755859] [0.33056366443634033:0.76562374830245972] [13.520297050476074:33.717887878417969] [-0.03257310763001442:0.039510279893875122]
tree_sizes=3206 3281 3276 3467 3498

Tree=0
num_leaves=29
num_cat=0
split_feature=1 1 29 35 9 35 9 29 35 9 32 17 1 1 9 35 3 2 31 29 7 4 35 29 19 35 33 29
split_gain=683.574 122.676 119.427 124.863 97.1985 86.401 98.1869 96.7225 86.3506 59.382 55.1599 64.9931 65.3508 49.9676 44.0536 38.2583 59.0297 25.3524 23.7609 23.6875 23.3679 14.2474 13.4523 8.781 9.39335 8.26121 7.39875 4.97582
threshold=-0.12599249929189679 -0.68358200788497914 0.22049999982118609 31.983016014099125 0.41778451204299932 32.194253921508796 0.39544650912284857 0.32549999654293066 25.135685920715336 0.33532649278640753 -0.0039818831719458095 1.0000000180025095e-35 0.49961800873279577 0.2270224988460541 0.32439850270748144 31.315066337585453 39.297771453857429 2983.0483398437505 -0.0017257819417864082 0.26449999213218695 27.594726562500004 1234.7249755859377 32.377399444580085 0.14549999684095385 1.0000000180025095e-35 20.985651016235355 0.465706616640091 0.26150000095367437
decision_type=2 2 2 2 2 2 2 2 2 2 2 2 2 2 2 2 2 2 2 2 2 2 2 2 2 2 2 2
left_child=1 9 10 4 14 6 8 -8 -3 25 23 18 -13 17 -4 16 -11 -5 -12 -6 -15 22 -7 -2 -25 27 -23 -1
right_child=2 5 3 13 19 21 7 -9 -10 15 11 12 -14 20 -16 -17 -18 -19 -20 -21 -22 26 -24 24 -26 -27 -28 -29
leaf_value=-0.23955259088265191 -0.20617000624032134 -0.16011487827495927 -0.1548046685101164 -0.19160579457464672 -0.14595547672662984 -0.15251310171442103 -0.17364268763589405 -0.14378443885668085 -0.18438338496150969 -0.19385748902908914 -0.16571457056115807 -0.18905854435968708 -0.13628939034010487 -0.15259264334172024 -0.13372643131907144 -0.2250964393450291 -0.15612744448839844 -0.1552238609784885 -0.1344676444281665 -0.11135717124409868 -0.11048450873746267 -0.20184218220301425 -0.20016686773651746 -0.18529570807314824 -0.1541254343747698 -0.19794489665406573 -0.23473090398240729 -0.20869388800038141
leaf_weight=62.614355742931366 34.785753190517426 635.33693505823612 308.59932473301888 131.68892279267311 56.651083767414093 26.089314892888069 428.11323390901089 731.99163499474525 869.64382976293564 257.41457360982895 71.310794040560722 170.69866029918194 86.964382976293564 155.0450713634491 1289.0606253743172 48.948524132370949 171.69253896176815 73.5470210313797 364.50499950349331 566.26236800849438 40.252085834741592 100.63021458685398 30.313299208879471 88.206731304526329 31.804117202758789 42.48831282556057 28.077072218060493 39.506676837801933
leaf_count=252 140 2557 1242 530 228 105 1723 2946 3500 1036 287 687 350 624 5188 197 691 296 1467 2279 162 405 122 355 128 171 113 159
internal_value=-0.156799 -0.172476 -0.141106 -0.135832 -0.1312 -0.168063 -0.165745 -0.154822 -0.174163 -0.192559 -0.157401 -0.151372 -0.171189 -0.161486 -0.137784 -0.18383 -0.178805 -0.178631 -0.139621 -0.114443 -0.143482 -0.200932 -0.178561 -0.1842 -0.177045 -0.220585 -0.210176 -0.228937
internal_weight=6942.24 3472.86 3469.38 2621.11 2220.57 2850.2 2665.09 1160.1 1504.98 622.665 848.275 693.479 257.663 400.533 1597.66 478.056 429.107 205.236 435.816 622.913 195.297 185.11 56.4026 154.797 120.011 144.609 128.707 102.121
internal_count=27940 13977 13963 10549 8937 11471 10726 4669 6057 2506 3414 2791 1037 1612 6430 1924 1727 826 1754 2507 786 745 227 623 483 582 518 411
is_linear=0
shrinkage=1


Tree=1
num_leaves=29
num_cat=0
split_feature=1 25 25 7 0 27 10 0 16 25 6 7 9 16 1 9 12 0 27 9 0 5 27 10 25 1 23 21
split_gain=617.703 164.459 121.582 94.2434 85.5941 70.3325 63.1223 62.7222 57.1839 58.1006 55.396 55.198 54.1404 51.8841 41.791 46.1927 35.5118 30.9951 25.4345 23.9961 22.0153 23.5412 20.0472 17.3183 11.9201 11.0459 5.68038 0.823996
threshold=-0.12599249929189679 0.0018212440190836789 0.0011246047215536239 22.212127685546879 -4.5583014488220206 0.016444057226181034 5.5983686447143564 -2.4663474559783931 -0.87837952375411976 0.00095259919180534791 0.04163049906492234 30.577771186828617 0.36030650138854986 -0.87837952375411976 0.36652000248432165 0.33284850418567663 -0.15404552966356275 0.255161002278328 0.020518366247415546 0.44391000270843511 3.3531830310821538 0.037617499008774764 0.019674813374876979 -8.148561477661131 0.0028730833437293772 -0.46520750224590296 -6.7744836807250968 0.64840000867843639
decision_type=2 2 2 2 2 2 2 2 2 2 2 2 2 2 2 2 2 2 2 2 2 2 2 2 2 2 2 2
left_child=2 3 7 6 23 11 10 26 17 -10 -2 -6 18 -7 15 -3 -14 -5 -9 -8 21 -16 -17 24 -4 -25 -1 -28
right_child=1 14 4 8 5 13 19 12 9 -11 -12 -13 16 -15 20 22 -18 -19 -20 -21 -22 -23 -24 25 -26 -27 27 -29
leaf_value=-0.07391359644824165 0.0087324000128744528 -0.026547323587952767 -0.033158819199554171 0.0043162178929552399 -0.016117341655690027 0.032713646108966946 -0.0019357391565240226 -0.040321574671351341 -0.026858885336515786 0.0003668062473741959 0.034725902672214176 -0.069172569676405241 -0.03522177692159191 -0.0028935604020558902 0.025114447712424656 0.013874520970849447 -0.0058844256128505936 0.037952543048714725 0.0072070788858997802 0.037009492991210473 0.073486563595804744 0.047943889812672051 0.037666131929721014 -0.047571311940273843 0.0085978587069859055 -0.010462604244345596 -0.053508215556531451 -0.035070844224466539
leaf_weight=50.714685395359993 328.81125283241272 44.727581575512886 31.990482315421104 177.92191936075687 329.4410974085331 107.34511089324951 397.78283590078354 396.1636924892664 280.93192100524902 635.00661551952362 555.19186814129353 56.341406062245369 135.96807116270065 1584.9452813267708 209.31224392354488 175.83416306972504 418.10960786044598 110.7861485928297 29.311733096837997 41.870063781738281 51.033533751964569 275.57049036026001 188.19955356419086 167.86859893798828 32.502827510237694 25.036602094769478 71.599114671349525 30.721172228455544
leaf_count=205 1322 180 129 715 1328 432 1599 1598 1132 2555 2231 227 548 6385 841 707 1684 445 118 168 205 1107 756 678 131 101 289 124
internal_value=-6.78692e-06 0.0148928 -0.0149303 0.00822393 -0.00839223 -0.00500099 0.0174234 -0.028365 -0.00188827 -0.00801315 0.0251103 -0.0242083 -0.023606 -0.000593077 0.0326753 0.0204278 -0.0132024 0.0174302 -0.0370055 0.00190134 0.0418877 0.0382532 0.0263403 -0.0354828 -0.0123386 -0.0429632 -0.0580646 -0.0488468
internal_weight=6941.04 3472.98 3468.06 2528.3 2335.47 2078.07 1323.66 1132.59 1204.65 915.939 884.003 385.783 979.553 1692.29 944.678 408.761 554.078 288.708 425.475 439.653 535.916 484.883 364.034 257.399 64.4933 192.905 153.035 102.32
internal_count=27940 13963 13977 10167 9411 8372 5320 4566 4847 3687 3553 1555 3948 6817 3796 1643 2232 1160 1716 1767 2153 1948 1463 1039 260 779 618 413
is_linear=0
shrinkage=0.05


Tree=2
num_leaves=29
num_cat=0
split_feature=0 25 25 0 9 22 35 9 13 0 35 9 29 0 9 35 35 9 35 11 29 29 3 36 36 23 26 26
split_gain=555.132 140.382 129.402 80.9896 63.9337 78.2282 63.0432 80.3191 57.2349 53.7771 46.1457 45.5526 43.7563 32.5908 29.843 26.1379 22.3618 21.2675 20.7897 15.7815 14.9244 12.408 10.0636 9.50228 6.51222 5.28783 3.23845 0.909756
threshold=-0.15262550115585324 0.0018212440190836789 0.0011246047215536239 -4.5583014488220206 0.41227649152278906 -1.5506720542907713 32.266794204711921 0.39972499012947088 -0.31947550177574152 -2.4663474559783931 32.115861892700202 0.36030650138854986 1.5155000090599062 3.0136575698852544 0.38807100057601934 32.083068847656257 20.686026573181156 0.41928699612617498 31.932454109191898 1.0000000180025095e-35 0.43850000202655798 0.28550000488758093 41.911306381225593 0.00032665776961948728 0.0010618116939440372 -6.7744836807250968 0.9996880590915681 0.99979677796363842
decision_type=2 2 2 2 2 2 2 2 2 2 2 2 2 2 2 2 2 2 2 2 2 2 2 2 2 2 2 2
left_child=2 4 9 19 5 14 7 -5 -7 25 12 16 -6 17 -2 -13 -11 18 -3 20 -4 -19 -21 -12 -8 -1 -15 -27
right_child=1 13 3 6 10 8 24 -9 -10 11 23 15 -14 26 -16 -17 -18 21 -20 22 -22 -23 -24 -25 -26 27 -28 -29
leaf_value=-0.070972864901415494 -0.03797714762915997 0.025600742422074458 -0.035489130802637339 -0.010881800433188104 0.014074732076348385 -0.01586201533007708 -0.052391335156612241 0.0090527936134934869 0.011573849799681075 -0.0094599822364735114 7.8000196564339131e-05 -0.0091838608370209199 0.03962857976917418 0.042423762596809023 -0.0041655547753079924 -0.04202622032793206 -0.040686056327309122 0.010203385290071114 -0.0087421111389499283 -0.045460341514899687 0.011254613232333316 0.044285461357523731 -0.0099875482951889537 -0.034222302637393863 -0.020360613967594976 -0.056933074080052153 0.074224620524236756 -0.039433721753132291
leaf_weight=50.269122555851936 138.32404051721096 520.58693942427635 31.403917655348778 1183.7894834280014 439.22571612894535 222.40361143648624 66.796541288495064 878.21656669676304 1239.0336407870054 70.894507899880409 41.763083279132843 459.60880044102669 274.58716712892056 25.477139919996262 124.39341373741627 68.520869493484497 359.17329677939415 32.636828482151031 46.709290653467178 166.99538604915142 33.009597912430763 231.05383870005608 25.011855095624924 36.056101068854332 26.970332816243172 36.216773018240929 43.711289927363396 65.584509506821632
leaf_count=205 558 2089 127 4774 1765 895 270 3535 4981 286 168 1853 1101 102 500 277 1455 131 188 678 133 926 101 145 109 147 175 266
internal_value=-9.37077e-06 0.0143466 -0.0139344 -0.00741578 0.00826534 0.00284936 -0.00423553 -0.00238619 0.00737582 -0.028049 0.0200117 -0.0235549 0.0240019 0.0312752 -0.022158 -0.0136062 -0.0356294 0.0283763 0.0227347 -0.0338743 -0.0117665 0.0402133 -0.0410416 -0.0161484 -0.0439003 -0.0556278 0.064176 -0.0467326
internal_weight=6938.42 3415.96 3522.46 2412.19 2515.79 1724.15 2155.77 2062.01 1461.44 1110.27 791.632 958.197 713.813 900.175 262.717 528.13 430.068 830.987 567.296 256.421 64.4135 263.691 192.007 77.8192 93.7669 152.07 69.1884 101.801
internal_count=27940 13724 14216 9727 10113 6934 8688 8309 5876 4489 3179 3871 2866 3611 1058 2130 1741 3334 2277 1039 260 1057 779 313 379 618 277 413
is_linear=0
shrinkage=0.05


Tree=3
num_leaves=31
num_cat=0
split_feature=0 9 29 35 9 35 18 0 29 35 23 3 32 17 6 9 22 0 6 0 14 29 0 16 2 12 29 23 34 29
split_gain=502.015 96.7082 87.375 105.015 69.4158 60.8971 104.149 55.7112 55.693 100.586 84.72 49.1353 43.349 48.78 43.1673 39.5858 36.9874 33.7368 32.8842 30.9858 34.7427 27.696 26.6593 18.8691 18.0691 14.5731 8.40453 6.83169 6.36862 5.11052
threshold=-0.15262550115585324 0.45020300149917608 0.22350000590085986 31.983016014099125 0.32439850270748144 32.103515625000007 0.63924700021743786 1.3683325052261355 0.25749999284744268 25.602886199951175 -7.7328956127166739 40.48741531372071 -0.0039818831719458095 1.0000000180025095e-35 0.047009501606225974 0.41778451204299932 -0.053188999649137252 -2.2023739814758296 0.04540699906647206 0.255161002278328 -0.12091650068759917 0.32549999654293066 -0.4247280061244964 0.87837952375411998 2983.0483398437505 0.081194773316383376 1.9474999904632571 -1.7224979996681211 0.68179893493652355 0.17449999600648883
decision_type=2 2 2 2 2 2 2 2 2 2 2 2 2 2 2 2 2 2 2 2 2 2 2 2 2 2 2 2 2 2
left_child=1 8 12 4 7 6 21 -4 11 10 -10 17 25 23 -11 -6 -15 -1 -13 24 -21 -3 -8 -14 -5 29 -7 -27 -28 -2
right_child=2 5 3 19 15 26 22 -9 9 14 -12 18 13 16 -16 -17 -18 -19 -20 20 -22 -23 -24 -25 -26 27 28 -29 -30 -31
leaf_value=-0.061417377903312989 -0.017312761992737975 0.0087752507024428054 -0.013111014422201202 -0.035364492004888927 0.021215447937272758 -0.010788349213690462 -0.016969330001789556 0.033340146201285913 -0.01630652667115981 -0.01387419028730613 0.018327162192040797 0.014187268375185242 0.018034623654425479 -0.029248561935669187 -0.032220729514414147 0.037034887794600915 0.0084425690191433575 -0.027257913191250312 -0.023445005216390535 -0.024513326698526128 0.016644176093893358 0.044598144964217594 0.031212292954274939 -0.015094949093655894 0.0016582496711446432 -0.020242007248863211 -0.064447374444534675 -0.04851409549022416 -0.026076916591366496 0.012779576852796098
leaf_weight=146.55972804129124 26.991094425320625 79.699590086936951 216.02476345002651 98.486867651343346 1240.7203335016966 27.216195777058601 227.81965030729771 89.686152547597885 321.06871117651463 906.17683300375938 387.25044390559196 65.218797862529755 421.49711556732655 141.99830728769302 502.46049343049526 594.6648004502058 116.91008234024048 155.10551832616329 435.7591977417469 68.521111413836479 185.48756079375744 178.43542902171612 30.81999397277832 45.989099994301796 48.033305794000626 47.364583179354668 25.386050507426262 50.062328457832336 27.625324562191963 25.321130499243736
leaf_count=599 109 321 869 398 4977 110 917 360 1298 3669 1562 263 1692 574 2033 2381 470 626 1762 276 745 717 124 185 193 191 103 202 112 102
internal_value=-1.43446e-05 -0.0132748 0.0136265 0.0183171 0.0227104 0.00503476 0.0113701 0.000611951 -0.0170231 -0.0127414 0.00261253 -0.0282437 0 0.00507332 -0.0204619 0.0263811 -0.0122566 -0.0441819 -0.0184891 -0.00513958 0.00539774 0.0337287 -0.0109941 0.0147038 -0.0233012 -0.0243033 -0.0349359 -0.0355537 -0.0463085 -0.00262857
internal_weight=6934.36 3516.6 3417.76 2541.62 2141.1 597.002 516.775 305.711 2919.6 2116.96 708.319 802.643 876.134 726.395 1408.64 1835.39 258.908 301.665 500.978 400.529 254.009 258.135 258.64 467.486 146.52 149.739 80.2276 97.4269 53.0114 52.3122
internal_count=27940 14216 13724 10199 8587 2404 2079 1229 11812 8562 2860 3250 3525 2921 5702 7358 1044 1225 2025 1612 1021 1038 1041 1877 591 604 325 393 215 211
is_linear=0
shrinkage=0.05


Tree=4
num_leaves=31
num_cat=0
split_feature=1 25 25 1 27 35 18 1 17 3 3 13 6 35 27 23 35 35 1 18 35 27 17 1 0 6 17 33 29 36
split_gain=457.087 128.62 96.921 69.3143 69.3071 71.3206 58.1707 71.4153 96.1588 55.7052 54.7828 50.7068 45.3653 47.8259 42.7378 35.3764 62.7619 34.375 33.9427 33.8585 26.6761 20.0682 18.867 25.5327 16.4895 14.7248 13.2913 12.2861 9.49455 4.36536
threshold=-0.12599249929189679 0.0018212440190836789 0.0011246047215536239 -0.72958749532699574 0.016579354181885723 32.266794204711921 0.22956950217485431 0.52820351719856273 1.0000000180025095e-35 40.637275695800788 42.229700088500984 -0.11677400022745131 0.049590000882744796 31.315066337585453 0.018230340443551544 2.5326935052871709 32.083068847656257 29.134947776794437 0.61068299412727367 0.83602151274681102 31.46711349487305 0.019674813374876979 1.0000000180025095e-35 0.36652000248432165 -2.27150547504425 0.042312499135732658 1.0000000180025095e-35 0.0048982093576341876 0.14050000160932544 -0.0013902362552471457
decision_type=2 2 2 2 2 2 2 2 2 2 2 2 2 2 2 2 2 2 2 2 2 2 2 2 2 2 2 2 2 2
left_child=2 6 10 12 9 -6 15 8 -8 -5 24 -9 13 -4 20 17 -17 -2 22 -16 -12 -14 27 -24 29 -20 -27 -3 -26 -1
right_child=1 18 3 4 5 -7 7 11 -10 -11 14 -13 21 -15 19 16 -18 -19 25 -21 -22 -23 23 -25 28 26 -28 -29 -30 -31
leaf_value=-0.031610359177638096 0.022699687225751837 0.0039396037927178522 0.011792026877393417 -0.061532642110286154 0.0036294162155694311 -0.041015757085843513 0.0061344427828070027 -0.00516724777569285 -0.022400857301355086 -0.013205840475461049 -0.019503367362302106 0.026910291864969217 -0.061012996000805203 -0.062564104259171041 -0.0044385396274793402 0.076411587351275456 -0.0012995769281346694 -0.0026390827081941241 0.020531135138327855 -0.041108772305612225 -0.051144896050705303 -0.028060232967533107 0.0025262227260701535 0.028834955216523697 -0.054195642506390342 0.040783009091583278 0.073189881002664381 0.034380614949596953 -0.025314511482291496 -0.060868130412382385
leaf_weight=24.319784849882126 397.46128948032856 38.212949380278587 97.378367304801941 72.099753469228745 1519.3606704622507 93.033622294664383 791.45691698789597 178.20211972296238 468.02389568090439 320.25514824688435 155.05883122980595 389.69522993266582 88.037712052464485 25.625936597585678 457.95292919874191 63.148045748472214 42.692128360271454 199.71917676925659 47.200173169374466 71.29903969168663 122.81248849630356 112.31496998667717 193.71781681478024 176.36904519796371 38.481183424592018 97.193665400147438 59.94775801897049 334.973837018013 143.01424597203732 109.97208842635155
leaf_count=100 1596 153 393 293 6128 379 3176 716 1890 1296 632 1563 359 104 1853 253 172 801 189 290 501 459 778 706 156 389 240 1341 580 454
internal_value=-1.85732e-05 0.0127684 -0.0129084 -0.00707226 -0.0035886 0.000999616 0.00686829 0.00215262 -0.00448007 -0.0223788 -0.0249654 0.0168442 -0.0284847 -0.00437201 -0.0179595 0.0190708 0.0455302 0.0142283 0.0284652 -0.00953362 -0.0337894 -0.0430495 0.0233625 0.0151784 -0.0426146 0.0465708 0.0539732 0.0313278 -0.0320164 -0.0561846
internal_weight=6929.03 3478.01 3451.02 2328.11 2004.75 1612.39 2530.4 1827.38 1259.48 392.355 1122.91 567.897 323.357 123.004 807.123 703.021 105.84 597.18 947.615 529.252 277.871 200.353 743.274 370.087 315.787 204.342 157.141 373.187 181.495 134.292
internal_count=27940 13963 13977 9411 8096 6507 10167 7345 5066 1589 4566 2279 1315 497 3276 2822 425 2397 3796 2143 1133 818 2978 1484 1290 818 629 1494 736 554
is_linear=0
shrinkage=0.05


end of trees

feature_importances:
Column_35=19
Column_9=15
Column_0=14
Column_29=14
Column_1=12
Column_25=8
Column_27=6
Column_3=5
Column_6=5
Column_17=5
Column_23=5
Column_7=3
Column_16=3
Column_18=3
Column_36=3
Column_2=2
Column_10=2
Column_12=2
Column_13=2
Column_22=2
Column_26=2
Column_32=2
Column_33=2
Column_4=1
Column_5=1
Column_11=1
Column_14=1
Column_19=1
Column_21=1
Column_31=1
Column_34=1

parameters:
[boosting: gbdt]
[objective: binary]
[metric: auc]
[tree_learner: serial]
[device_type: cpu]
[data_sample_strategy: bagging]
[data: ]
[valid: ]
[num_iterations: 300]
[learning_rate: 0.05]
[num_leaves: 31]
[num_threads: 6]
[seed: 88]
[deterministic: 0]
[force_col_wise: 0]
[force_row_wise: 0]
[histogram_pool_size: -1]
[max_depth: 5]
[min_data_in_leaf: 100]
[min_sum_hessian_in_leaf: 0.001]
[bagging_fraction: 0.8]
[pos_bagging_fraction: 1]
[neg_bagging_fraction: 1]
[bagging_freq: 0]
[bagging_seed: 3307]
[bagging_by_query: 0]
[feature_fraction: 0.7]
[feature_fraction_bynode: 1]
[feature_fraction_seed: 22856]
[extra_trees: 0]
[extra_seed: 29669]
[early_stopping_round: 0]
[early_stopping_min_delta: 0]
[first_metric_only: 0]
[max_delta_step: 0]
[lambda_l1: 0.2]
[lambda_l2: 2]
[linear_lambda: 0]
[min_gain_to_split: 0]
[drop_rate: 0.1]
[max_drop: 50]
[skip_drop: 0.5]
[xgboost_dart_mode: 0]
[uniform_drop: 0]
[drop_seed: 20421]
[top_rate: 0.2]
[other_rate: 0.1]
[min_data_per_group: 100]
[max_cat_threshold: 32]
[cat_l2: 10]
[cat_smooth: 10]
[max_cat_to_onehot: 4]
[top_k: 20]
[monotone_constraints: ]
[monotone_constraints_method: basic]
[monotone_penalty: 0]
[feature_contri: ]
[forcedsplits_filename: ]
[refit_decay_rate: 0.9]
[cegb_tradeoff: 1]
[cegb_penalty_split: 0]
[cegb_penalty_feature_lazy: ]
[cegb_penalty_feature_coupled: ]
[path_smooth: 0]
[interaction_constraints: ]
[verbosity: -1]
[saved_feature_importance_type: 0]
[use_quantized_grad: 0]
[num_grad_quant_bins: 4]
[quant_train_renew_leaf: 0]
[stochastic_rounding: 1]
[linear_tree: 0]
[max_bin: 255]
[max_bin_by_feature: ]
[min_data_in_bin: 3]
[bin_construct_sample_cnt: 200000]
[data_random_seed: 325]
[is_enable_sparse: 1]
[enable_bundle: 1]
[use_missing: 1]
[zero_as_missing: 0]
[feature_pre_filter: 1]
[pre_partition: 0]
[two_round: 0]
[header: 0]
[label_column: ]
[weight_column: ]
[group_column: ]
[ignore_column: ]
[categorical_feature: ]
[forcedbins_filename: ]
[precise_float_parser: 0]
[parser_config_file: ]
[objective_seed: 31801]
[num_class: 1]
[is_unbalance: 0]
[scale_pos_weight: 1]
[sigmoid: 1]
[boost_from_average: 1]
[reg_sqrt: 0]
[alpha: 0.9]
[fair_c: 1]
[poisson_max_delta_step: 0.7]
[tweedie_variance_power: 1.5]
[lambdarank_truncation_level: 30]
[lambdarank_norm: 1]
[label_gain: ]
[lambdarank_position_bias_regularization: 0]
[eval_at: ]
[multi_error_top_k: 1]
[auc_mu_weights: ]
[num_machines: 1]
[local_listen_port: 12400]
[time_out: 120]
[machine_list_filename: ]
[machines: ]
[gpu_platform_id: -1]
[gpu_device_id: -1]
[gpu_use_dp: 0]
[num_gpu: 1]

end of parameters

pandas_categorical:null
