tree
version=v4
num_class=1
num_tree_per_iteration=1
label_index=0
max_feature_idx=36
objective=binary sigmoid:1
feature_names=D1_Ret_1 D1_Body_Ratio D1_ATR_14 D1_RSI_14 D1_MACD D1_Vol_ZScore D1_Bollinger_Width D1_ADX_14 H4_Trend_Strength H4_ATR_Ratio H4_RSI_Divergence H4_vs_D1_Alignment XAUUSDc_return Cross_DXY_Return Cross_EURUSD_Return Cross_Risk_On_Off Derived_Weekday_Sin Derived_Weekday_Cos Derived_Days_To_MonthEnd Derived_Is_MonthEnd_Week Derived_Weekend_Gap Derived_Vol_Regime Derived_Momentum_5D Derived_Momentum_20D tick_return hl_ratio co_ratio avg_spread OIM tick_velocity AUDJPYc_return EURUSDc_return USDJPYc_return TF_OU_Theta TF_Hurst Cross_BTC_Gold_Ratio Cross_BTC_Gold_Ratio_ROC
feature_infos=[-13.986119270324707:12.311240196228027] [-0.92213797569274902:0.86255699396133423] [2334.031494140625:4728.697265625] [15.833520889282227:69.849876403808594] [-5873.50048828125:1539.5223388671875] [-2.3284120559692383:3.3837859630584717] [0.02222600020468235:0.22283299267292023] [13.612317085266113:58.266666412353516] [-15.919281005859375:8.39447021484375] [0.26131001114845276:0.55751800537109375] [-26.852569580078125:18.72735595703125] [-1:1] none [-1.2582850456237793:0.98352199792861938] [-0.98352199792861938:1.2582850456237793] [-1:1] [-0.97492802143096924:0.97492802143096924] [-0.90096902847290039:1] [0:0.96774202585220337] [0:1] [-13.986119270324707:12.311240196228027] [0:0.98439997434616089] [-20.144699096679688:10.364812850952148] [-34.253673553466797:16.88249397277832] none [7.1071350248530507e-05:0.023100737482309341] [0.98096048831939697:1.0173139572143555] [0.018428988754749298:0.030009618028998375] [-1:1] [0.0080000003799796104:8.7030000686645508] [-0.39096963405609131:0.33495455980300903] [-0.45207425951957703:0.23008787631988525] [-0.25082975625991821:0.61165463924407959] [0:18.420680999755859] [0.33056366443634033:0.76357454061508179] [12.019372940063477:21.242767333984375] [-0.038140185177326202:0.039510279893875122]
tree_sizes=6016 6846 5826 6761

Tree=0
num_leaves=57
num_cat=0
split_feature=1 1 13 2 16 21 1 23 25 16 35 6 25 36 25 23 25 34 35 6 26 32 2 26 23 5 36 36 25 14 36 5 1 35 30 25 32 35 23 3 6 25 35 25 36 7 1 26 26 25 5 30 35 34 35 35
split_gain=348.414 61.7848 34.6823 31.4217 29.6176 27.8616 22.9255 29.7326 18.871 18.8955 16.8262 14.5697 14.7712 11.8999 10.0703 9.86881 8.60226 7.71776 7.13324 5.69821 6.81783 5.08353 4.68412 4.26052 4.20874 3.9884 3.767 3.75786 4.16383 3.70434 3.54029 3.29119 5.36271 7.57123 3.4451 3.19938 3.14892 3.53607 4.82504 4.59703 2.88637 3.14322 2.07461 1.94178 1.78198 1.68744 1.94675 1.86201 1.35701 1.3421 1.2211 0.939783 0.878829 0.461642 0.385406 0.283571
threshold=-0.18859449774026868 0.63102951645851146 -0.27079498767852778 3734.151733398438 -0.60785751044750203 0.023399999365210537 -0.50438550114631642 2.8623635768890385 0.0026779283070936803 0.87837952375411998 13.656776905059816 0.061625501140952117 0.0035754471318796281 -0.0023442663950845595 0.00074364454485476028 -12.861135005950926 0.0013408323284238579 0.71563243865966808 19.360223770141605 0.043875999748706825 1.0000696778297427 0.025250612758100036 2409.3332519531255 1.0010200142860415 -5.7725539207458487 0.63148948550224315 0.0029649275820702319 -0.0034646368585526939 0.0028115739114582543 -0.20124150067567823 0.0061296455096453437 0.86388850212097179 0.27759300172328955 20.314273834228519 -0.012646100018173454 0.0017129228799603882 0.011729059740900995 14.117328166961672 5.0384466648101816 37.37483215332032 0.069126497954130187 0.0027855348307639365 14.296813488006594 0.0014853212051093581 -0.0014847457059659062 21.544630050659183 0.64707750082016002 1.0001272559165957 0.99773240089416515 0.00061668767011724423 -1.4827364683151243 0.0052936440333724031 12.636858463287355 0.67678138613700878 19.940955162048343 15.725917816162111
decision_type=2 2 2 2 2 2 2 2 2 2 2 2 2 2 2 2 2 2 2 2 2 2 2 2 2 2 2 2 2 2 2 2 2 2 2 2 2 2 2 2 2 2 2 2 2 2 2 2 2 2 2 2 2 2 2 2
left_child=6 2 35 5 14 18 7 -1 9 10 15 12 13 25 -3 -8 -11 21 50 20 -20 27 54 24 48 -7 44 -13 36 -19 45 32 51 55 -33 -2 37 39 53 -29 41 -37 -16 49 -5 47 -47 -6 -10 -21 -4 -15 -17 -39 -9 -34
right_child=1 4 3 26 30 11 8 22 23 16 -12 17 -14 31 42 52 -18 29 19 43 -22 -23 -24 -25 -26 -27 -28 28 -30 -31 -32 34 33 -35 -36 40 -38 38 -40 -41 -42 -43 -44 -45 -46 46 -48 -49 -50 -51 -52 -53 -54 -55 -56 -57
leaf_value=0.70598948894184588 0.72585701780148326 0.74202841676418774 0.77292713673098967 0.7748695595078624 0.79130629362885685 0.78018457658891938 0.76725172259246233 0.76492961722754704 0.76129299878507839 0.78018457658891938 0.71472406989236603 0.74746804457104055 0.7756714857220034 0.73152723481550819 0.78650391256829155 0.75238823958494716 0.74256714539224833 0.76465222279923373 0.79502383369910645 0.76764325530432798 0.76356321854433062 0.78440072546652151 0.72924152754464955 0.73835736369742611 0.74666598431711284 0.75355245727084774 0.76871027861706431 0.7613079645873243 0.78380352076658677 0.73759270454525705 0.77151405489916525 0.75178917916158206 0.76776952287350775 0.7366599280683086 0.71764879178900964 0.77201543547428209 0.7455559286739758 0.76648358490139912 0.74407076201029765 0.7893158172258401 0.73602332293875583 0.74721690362817472 0.76769045654586587 0.7725063036769082 0.79766454588599589 0.78329656056210151 0.80465256812821695 0.77021514354966558 0.7761011887811694 0.75060113830368158 0.79173138472074067 0.75570692174637322 0.72687058884994227 0.77605306190374312 0.74880240623641048 0.77510296167567094
leaf_weight=120.49005261808634 27.381371408700943 13.161816582083704 7.0533348396420505 6.7369022816419664 6.4564238637685758 7.2215062603354445 11.719603925943373 6.8010777086019543 8.4673262089490944 7.2215062603354481 90.804544866085052 9.8973614349961263 10.822304248809813 25.402556777000427 6.0719494521617916 8.4153282120823878 11.179135523736475 9.7850544378161448 9.6766138672828692 9.2523188889026695 10.718308255076407 9.5405301600694639 44.108031839132309 17.575828537344933 11.980172060430048 8.6155873462557775 5.5513913333415976 7.3338132575154331 8.3229314982891065 14.243331536650656 6.7529461383819571 8.3151986449956912 8.6354976296424883 7.4621641114354125 19.282475754618645 7.5700265318155306 6.0642165988683692 7.7182876691222209 8.4634597823023778 9.4083128795027715 11.227267093956469 6.2644757330417633 11.202912233769892 5.5193036198616019 18.852579899132252 11.074561379849909 34.272533230483532 6.0520391687750816 9.3884025961160642 15.681099615991114 14.66318193823099 7.4660305380821219 18.437174074351788 6.2202105894684792 9.6810584440827352 6.019951455295085
leaf_count=694 176 92 60 58 61 64 95 54 66 64 553 71 93 169 56 62 78 78 92 75 85 86 292 121 86 64 45 57 75 97 57 61 70 49 116 64 42 62 59 87 75 44 91 47 179 99 333 50 81 116 136 56 118 54 70 52
internal_value=0.744733 0.762424 0.756766 0.760783 0.783676 0.757541 0.723419 0.71506 0.731731 0.726287 0.722208 0.75195 0.74441 0.740783 0.760066 0.742064 0.757596 0.760942 0.773295 0.767312 0.778703 0.766313 0.734813 0.750094 0.759046 0.766293 0.788371 0.763012 0.766872 0.746762 0.794994 0.736277 0.743335 0.757597 0.725488 0.734519 0.762993 0.767127 0.759485 0.776605 0.747116 0.760247 0.774529 0.759168 0.792979 0.797349 0.800527 0.782206 0.769643 0.755708 0.787 0.735442 0.732558 0.770215 0.753353 0.770215
internal_weight=833.703 457.434 362.389 309.946 95.0452 278.805 376.269 181.08 195.189 147.777 129.377 206.241 109.243 98.421 30.4367 38.5721 18.4006 96.9975 72.5642 50.8476 20.3949 72.9691 60.5902 47.4117 29.8359 15.8371 31.1409 63.4286 53.5312 24.0284 64.6085 82.5839 54.9862 22.1176 27.5977 52.4431 45.2083 39.1441 22.402 16.7421 25.0618 13.8345 17.2749 30.4527 25.5895 57.8556 45.3471 12.5085 17.8557 24.9334 21.7165 32.8686 26.8525 13.9385 16.4821 14.6554
internal_count=6087 3653 2814 2455 839 2173 2434 1110 1324 970 828 1562 794 701 239 275 142 768 611 415 177 593 416 354 233 128 282 507 436 175 600 573 396 171 177 359 361 319 175 144 183 108 147 238 237 543 432 111 147 191 196 225 180 116 124 122
is_linear=0
shrinkage=1


Tree=1
num_leaves=63
num_cat=0
split_feature=1 1 0 27 13 2 16 21 2 6 27 13 27 36 2 34 18 8 35 35 27 36 2 18 36 35 35 36 36 30 5 27 7 35 5 14 27 35 35 2 35 22 35 27 26 26 5 36 26 36 35 36 30 2 26 30 34 35 26 36 26 6
split_gain=319.226 58.4251 39.6817 34.0039 32.19 29.7522 28.32 26.2415 17.6118 13.5153 10.7126 10.4123 19.7555 10.1657 7.8632 7.22665 7.17978 8.40923 6.88583 20.3673 8.05873 6.41243 6.33012 4.61564 3.85548 3.8248 5.73041 3.63235 3.59169 4.69096 3.48269 4.39749 4.4845 4.70134 3.41028 3.40797 3.23459 3.02544 8.01198 2.72091 2.66907 2.59014 5.34688 2.50308 2.49723 3.04497 2.44663 2.21528 2.13924 1.8336 1.77864 1.7029 1.62465 1.45638 1.1999 2.8534 0.886371 0.812011 0.936902 0.7707 0.435817 0.0870436
threshold=-0.18859449774026868 0.63102951645851146 -2.7149544954299922 0.026822119951248172 -0.27079498767852778 3734.151733398438 -0.60785751044750203 0.023399999365210537 3437.2875976562505 0.061625501140952117 0.020332992076873783 -0.096115000545978532 0.025783137418329719 -0.001960873138159513 2788.3908691406255 0.71563243865966808 0.050115000456571586 5.8660728931427011 14.395359992980959 14.306273937225344 0.02056640945374966 0.0048491600900888452 2416.4538574218755 0.47407850623130804 0.0011795068276114764 20.098629951477054 20.516810417175297 0.0029649275820702319 -0.0027047412004321809 0.00090927293058484804 1.0000000180025095e-35 0.026520259678363804 32.69050598144532 14.117328166961672 0.86388850212097179 -0.20124150067567823 0.021081537008285526 14.781134128570558 13.918725013732912 3539.425903320313 14.84100389480591 0.88248950242996227 19.360223770141605 0.020964853465557102 1.0010948181152346 0.99859401583671581 1.2617149949073794 -9.5745370344957323e-05 0.99960371851921093 0.00016089011478470641 13.350925445556642 -0.0014847457059659062 -1.0000000180025095e-35 2747.052368164063 1.0004995465278628 -0.026998661458492276 0.68589633703231823 20.304023742675785 1.0021233558654787 0.00078854660387150954 1.0001031756401064 0.069126497954130187
decision_type=2 2 2 2 2 2 2 2 2 2 2 2 2 2 2 2 2 2 2 2 2 2 2 2 2 2 2 2 2 2 2 2 2 2 2 2 2 2 2 2 2 2 2 2 2 2 2 2 2 2 2 2 2 2 2 2 2 2 2 2 2 2
left_child=2 4 37 11 44 7 18 10 49 13 14 12 22 34 25 28 -13 46 19 -3 -20 39 47 24 -8 -6 -27 51 29 -11 31 32 33 -30 48 -17 -35 38 -1 52 -24 42 53 -32 45 -2 -18 -4 -9 -5 -14 -7 54 -12 55 -15 -43 58 -25 -19 -59 -47
right_child=1 6 3 8 5 27 23 9 -10 15 41 16 50 21 -16 35 17 59 20 -21 -22 -23 40 57 -26 26 -28 -29 30 -31 43 -33 -34 36 -36 -37 -38 -39 -40 -41 -42 56 -44 -45 -46 61 -48 -49 -50 -51 -52 -53 -54 -55 -56 -57 -58 60 -60 -61 -62 -63
leaf_value=-0.056133415694542277 -0.0095959587421528131 0.010455181110057422 -0.025133788635323766 -0.0086406629848644317 0.015346785791913099 0.0045528483592334676 0.020133423677938585 -0.0047989965192125617 0.024530284222972192 -0.027780440593163244 0.0026506948510490159 -0.013429315354484791 -0.0046641751739381152 -0.023992778823719595 -0.034575791044247031 -0.0054150537122087386 -0.051778843011179305 -0.012007325717278399 -0.012000109832756969 -0.051869552409863164 0.027201758746491497 -0.00092064995045519561 -0.01904426049063828 0.036089122467978324 -0.0045433473697868943 -0.022506587103315844 0.0084643235097355794 -0.0014710727629440158 0.014733889237233181 0.0016115481382458186 -0.0011972909438737484 0.011918493870364063 -0.025322073103162642 7.4640934616041023e-06 -0.017189055972858438 -0.031433515664841039 -0.023722875328263796 -0.066160331325606572 -0.020137715653385044 -0.013427808560552493 -0.048726903471533391 0.0089302437030504989 -0.010165069030252565 0.020329853347588883 -0.01146808669938504 -0.032167075773766374 -0.027575485160550823 -0.0012782269293411842 0.016501196925838547 -0.032532819421776542 0.014597313022523864 0.02695696824291938 -0.039836511914485756 0.024922239114189865 -0.033994563570679134 0 0.028649172628443954 0.020638799911841133 0.011068986647769946 -0.032174259279355508 0.0035174916276617795 -0.054714575918407379
leaf_weight=22.515234626829624 6.0528834462165824 7.3901925608515757 9.0257332324981707 10.185787037014967 6.8747092112898889 6.7253686636686387 10.028464935719969 7.5105887278914469 9.3523405343294126 9.0385764315724355 7.0463047027587908 9.1739278137683851 6.908221058547495 8.3141747415065801 6.559349611401557 9.8049941733479518 132.07084655016661 11.536622509360315 9.4664019569754583 7.8249640539288521 5.8635620027780524 7.6318213939666739 9.0815128535032255 27.911729201674461 8.2007357403635961 9.4854322075843829 7.7077461034059516 5.5544566959142676 7.7590859457850483 6.7864736765623084 6.2680556476116172 8.7310029938817006 9.4336716458201391 9.2252012342214602 10.446948289871214 14.411616772413252 7.0391036421060553 76.301733262836933 13.48757443577051 12.298445351421831 29.636349141597748 9.5475243851542491 9.8605485931038839 8.7674304991960508 7.9361843541264525 29.137180060148239 14.464646823704241 7.5450086370110503 5.0478829592466354 7.9465068057179442 5.527875192463398 18.660514295101166 43.055450364947319 6.6870629116892815 7.7548876926302901 8.08901546895504 8.724814906716345 6.3923552036285383 5.7470993027091017 7.5747619941830626 5.7817867994308472 9.9408804029226285
leaf_count=127 46 66 63 79 63 58 94 60 88 62 60 69 55 58 42 78 801 87 72 44 57 62 65 277 66 68 68 45 71 57 51 78 66 77 77 97 49 413 96 93 179 84 76 82 60 198 100 61 47 52 50 179 281 65 50 66 85 61 52 49 50 55
internal_value=-0.0245464 -0.00756745 -0.0447244 -0.037774 -0.0130399 -0.00915888 0.0131617 -0.0122944 -0.00510113 -0.0176927 0.00300992 -0.0413431 -0.0289505 -0.0249189 -0.00984075 -0.00902111 -0.0456774 -0.0471924 -0.00983667 -0.0230286 0.00353749 -0.029574 -0.0364278 0.0243203 0.00893899 -0.000388605 -0.00840551 0.0177763 -0.00380664 -0.0155678 0 -0.00457561 -0.00973247 -0.00155862 -0.00573052 -0.0226879 -0.0109147 -0.0603517 -0.0448127 -0.0320502 -0.0434104 0.0127728 0.00468536 0.0113881 -0.0343427 -0.0373896 -0.0498942 -0.016387 0.00382301 -0.0220482 0.00369471 0.0223352 -0.0347544 0.0162381 -0.0227702 -0.0135309 0.0209832 0.0294947 0.0330981 -0.0230018 0.0152094 -0.0406527
internal_weight=840.857 458.523 382.335 270.03 363.915 310.848 94.6073 279.908 27.4846 207.414 72.4935 242.546 67.7247 110.149 30.6272 97.2652 174.821 165.647 30.5451 15.2152 15.33 87.1438 55.2886 64.0622 18.2292 24.0679 17.1932 30.9403 73.0486 15.8251 57.2236 42.1881 33.4571 24.0234 23.0054 24.2166 16.2643 112.305 36.0028 79.512 38.7179 41.8663 23.5939 15.0355 53.0671 45.1309 146.535 16.5707 12.5585 18.1323 12.4361 25.3859 67.2135 13.7334 24.1581 16.4032 18.2723 45.833 33.6588 19.1114 12.1741 39.0781
internal_count=6087 3653 2434 1798 2814 2455 839 2173 219 1562 611 1579 473 794 241 768 1106 1037 239 110 129 610 368 600 160 199 136 282 593 119 474 341 263 197 184 175 126 636 223 548 244 370 201 133 359 299 901 124 107 131 105 237 455 125 174 124 169 440 329 136 111 253
is_linear=0
shrinkage=0.03


Tree=2
num_leaves=54
num_cat=0
split_feature=1 1 0 27 5 16 27 17 2 33 22 25 27 2 25 13 27 34 22 25 5 31 22 16 27 2 27 22 25 33 34 17 3 32 34 14 34 31 1 31 30 27 25 33 6 31 25 33 34 25 1 34 28
split_gain=293.704 55.2945 35.5937 31.1214 30.1124 27.1164 24.832 42.17 16.7689 15.9568 14.2925 14.1714 10.3991 9.31226 9.28584 9.20734 18.3998 8.12654 7.99965 7.78174 7.15877 6.35164 5.95335 6.36639 5.68806 5.67755 4.70822 4.45864 4.32806 4.15785 5.14499 3.77375 3.37477 3.22 3.0881 4.21085 3.40164 2.5287 2.48357 2.33866 2.20129 2.10616 1.74901 1.3403 1.29905 1.25612 1.22442 1.03763 0.964942 0.91749 0.874134 0.280496 0.0586715
threshold=-0.18859449774026868 0.63102951645851146 -2.7149544954299922 0.026822119951248172 -0.056355498731136315 -0.60785751044750203 0.020176130346953872 -0.5617450177669524 3437.2875976562505 0.33213415741920477 -4.0031731128692618 0.0035754471318796281 0.020590276457369331 2802.9018554687505 0.00074364454485476028 -0.096115000545978532 0.025783137418329719 0.67678138613700878 -1.217770993709564 0.0017129228799603882 -0.34276650846004481 -0.017773113213479515 5.6817860603332528 0.87837952375411998 0.020059432834386829 2416.4538574218755 0.025808915495872501 2.6970895528793339 0.0016814147820696237 0.93247792124748241 0.68068102002143871 1.0000000180025095e-35 64.303617477417006 0.0076226531527936467 0.67560887336730968 -0.010953000281006096 0.70633026957511913 -0.023714769631624218 0.64156350493431102 0.00084913070895709108 0.014399146661162378 0.026329808868467811 0.0015867737820371988 0.061261335387825973 0.047767000272870071 0.016159554012119774 0.002090325928293169 0.46946819126605993 0.71014758944511425 0.0024325321428477768 0.81803449988365184 0.71453100442886364 -0.0063100063707679501
decision_type=2 2 2 2 2 2 2 2 2 2 2 2 2 2 2 2 2 2 2 2 2 2 2 2 2 2 2 2 2 2 2 2 2 2 2 2 2 2 2 2 2 2 2 2 2 2 2 2 2 2 2 2 2
left_child=2 4 -1 15 9 14 28 21 44 13 17 12 19 24 -3 16 25 -9 31 -12 27 -8 23 -17 -2 -4 -14 34 32 30 47 -11 -6 -22 -15 36 -36 -7 -39 -30 -19 -28 52 -40 -5 -41 -18 -20 -37 -23 -45 -26 -16
right_child=1 5 3 8 6 37 7 10 -10 18 11 -13 26 20 42 22 46 40 29 -21 33 49 -24 -25 51 -27 41 -29 39 -31 -32 -33 -34 -35 35 48 -38 38 43 45 -42 -43 -44 50 -46 -47 -48 -49 -50 -51 -52 -53 -54
leaf_value=-0.057512839258808422 -0.0098674053830539368 -0.026717264382782872 -0.015930830251500792 -0.0070690036725761128 -0.048356272798013598 0.0047778500900039541 -0.0033345267690567202 -0.018015175645980673 0.024102485919242696 -0.0169697700569429 -0.025434340892826774 0.0015674428839697815 -0.053327405766971495 -0.003669813275388875 0 -0.049351479321141797 -0.002868030063104677 0.021939308795040476 0.011943804385429664 0.0088000758442715789 0.011224422101518179 0.031766777145223662 -0.022316652070436687 -0.028368792411409605 0.019507617358344834 -0.0416530197228367 -0.0076407125941419067 0 -0.0303624675843716 -0.0032508326720533196 0 0.0064761933351302802 -0.019795602837199208 -0.013517292133597187 -0.013042628179708729 -0.01858305309806748 -0.043895830137392275 0.0046553812045199896 0.0092379180379609776 0 0 -0.032621460131097728 0.016498279254642988 0.033786891372138514 -0.02867077586997983 -0.016617430544911167 0.012989605636354056 0.031582529854091532 -0.0021416721410731135 0.0097497662954098251 0.011491873559507109 0.003507428734968759 -0.0031905196761460725
leaf_weight=114.47688180953264 11.602817066013815 13.361117549240591 16.655243642628193 8.1668850332498604 30.041905701160431 8.4275151938199979 7.1793058440089252 11.717461392283441 9.2695439681410772 11.436986230313778 13.18660828471184 11.672892823815344 20.479782976210117 8.3031296059489232 6.9673351719975498 128.43027839064598 7.2313361018896085 8.1004959642887098 10.641693472862245 7.6990407928824416 10.296417854726313 14.094271309673788 19.243467554450035 29.777480639517307 9.7230911105871183 39.262199826538563 7.4610680043697384 8.7837515249848348 13.035127855837347 7.1884727254509917 10.542941644787787 8.7672643736004829 11.249326117336748 5.5218413695693007 8.6949560940265602 9.2474122270941823 15.790114276111124 6.7852020114660254 7.1252604573965064 6.8728644922375661 5.1670339927077285 17.56741888821125 5.0466077625751486 34.371330134570599 10.087804816663263 6.0990987345576286 5.1877438277006149 16.310588590800762 8.6238652318716031 7.1915070191025725 6.8214268758893004 5.0497388318181029 5.2666079550981513
leaf_count=636 90 92 124 63 181 74 58 86 88 84 91 97 118 66 58 766 58 76 95 67 91 138 136 204 91 244 57 73 88 58 88 76 80 41 65 68 97 59 64 56 42 116 47 341 68 44 47 159 69 64 62 44 42
internal_value=-0.0236697 -0.00734654 -0.0428366 -0.0362618 -0.012643 0.0128806 -0.020481 -0.012403 -0.00497261 -0.0030641 -0.021335 -0.0275254 -0.0327559 -0.0104697 -0.00954324 -0.0396367 -0.0279229 -0.000830509 0.00827764 -0.0124929 -0.0157807 0.0187188 -0.0437027 -0.0458992 0.00420049 -0.0350652 -0.0408223 -0.0204349 -0.0352373 0.0152509 0.0191627 -0.00645334 -0.0421957 0.00119794 -0.023737 -0.0269897 -0.0353181 0.023886 0.026276 -0.0214297 0.0137358 -0.026846 0.00435153 0.0287084 -0.0213993 -0.00859473 0.00359872 0.0257073 -0.0124181 0.0264487 0.0311452 0.016003 -0.00121941
internal_weight=847.302 459.513 387.789 273.312 365.34 94.1724 198.815 131.517 27.5242 166.525 103.052 78.0668 66.3939 101.637 30.6417 245.788 68.3365 24.985 64.8879 20.8856 75.2615 28.4651 177.451 158.208 26.3756 55.9174 45.5083 59.4432 67.2983 44.6837 37.4952 20.2043 41.2912 15.8183 50.6595 42.3563 24.4851 63.5307 55.1032 26.0071 13.2675 25.0285 17.2806 48.318 18.2547 12.972 12.4191 26.9523 17.8713 21.2858 41.1928 14.7728 12.2339
internal_count=6087 3653 2434 1798 2814 839 1459 1010 219 1355 750 546 449 795 239 1579 473 204 560 158 570 260 1106 970 225 368 291 438 449 400 342 160 261 132 365 299 162 600 526 188 118 173 147 467 131 100 105 254 137 202 403 135 100
is_linear=0
shrinkage=0.03


Tree=3
num_leaves=63
num_cat=0
split_feature=0 0 0 13 13 29 18 23 22 29 5 10 29 18 0 8 28 35 35 30 35 23 10 34 29 25 35 28 14 28 35 29 7 7 25 8 25 26 5 5 8 28 23 25 7 23 23 29 23 23 29 5 35 35 25 10 21 34 29 26 35 29
split_gain=260.225 46.2233 42.4332 28.4712 24.1442 22.8588 14.6816 11.7476 10.9696 11.7646 11.143 9.36109 9.32639 8.59399 8.57969 7.8628 9.00614 6.4957 14.1619 6.32415 5.54827 9.33574 5.46206 7.90248 5.45259 5.16912 5.14802 4.80727 7.05082 4.6815 4.20576 8.05052 4.87827 4.08852 4.02274 4.00299 3.77106 3.71357 3.21414 19.6662 3.56174 2.85692 2.81852 2.48324 4.7181 4.93261 5.25131 2.31155 2.14437 2.01041 1.97102 1.67921 1.65074 7.40123 5.79648 1.51581 1.28981 1.15791 3.42079 0.981773 0.958931 0.660535
threshold=-0.23787049949169156 2.5709060430526738 -2.5905750989913936 0.53627800941467296 -0.27079498767852778 0.37150000035762792 0.050115000456571586 -20.498557090759274 -1.2714995145797727 0.20549999922513965 0.40487648546695715 5.2584295272827157 0.26749999821186071 0.37212000787258154 2.4170194864273076 0.97328248620033275 0.78640210628509533 13.703182697296144 14.117328166961672 -0.016243801452219483 14.757070541381838 2.5504955053329472 1.0000000180025095e-35 0.68803557753562938 0.16350000351667407 0.0017129228799603882 16.987581253051761 -0.12019675970077513 -0.096862003207206712 0.52255576848983776 14.061192035675051 0.66749998927116405 33.709224700927741 22.715557098388675 0.0027855348307639365 2.6583260297775273 0.0014407112030312421 1.0006768703460696 1.2617149949073794 1.6534879803657534 5.8660728931427011 0.39845687150955206 -24.711976051330563 0.0012759310193359854 19.868805885314945 -6.3140141963958731 4.546598196029664 0.39849999547004705 7.8704805374145517 -1.0000000180025095e-35 0.56149998307228099 -0.42415051162242884 14.781134128570558 13.918725013732912 0.0024530863156542186 6.8693680763244638 0.023399999365210537 0.60415884852409374 0.23449999839067462 0.99934360384941112 20.314273834228519 0.57949998974800121
decision_type=2 2 2 2 2 2 2 2 2 2 2 2 2 2 2 2 2 2 2 2 2 2 2 2 2 2 2 2 2 2 2 2 2 2 2 2 2 2 2 2 2 2 2 2 2 2 2 2 2 2 2 2 2 2 2 2 2 2 2 2 2 2
left_child=2 4 52 13 25 6 -4 -6 9 20 14 30 -12 -3 15 16 22 -17 -19 47 -9 55 23 57 -25 -2 -14 35 29 -29 31 37 50 -21 -27 -20 -26 59 40 -40 42 49 -8 44 -44 -46 -47 -11 -48 -35 -32 -37 53 -1 -54 -22 -30 -10 -59 -7 -24 -15
right_child=1 3 5 -5 7 11 38 8 10 19 12 -13 26 61 -16 17 -18 18 27 33 21 -23 60 24 36 34 -28 28 56 -31 32 -33 -34 41 -36 51 -38 -39 39 -41 -42 -43 43 -45 45 46 48 -49 -50 -51 -52 -53 54 -55 -56 -57 -58 58 -60 -61 -62 -63
leaf_value=-0.051237006410284391 -0.038375621950649551 0.0017414253175873874 -0.0019119347017714219 -0.029468500521384659 0.020418648320789868 -0.013561773693462309 -0.015117823510831274 -0.0082799570045240956 0.0014860223792293084 -0.030189655436272056 -0.031870294109233699 0.0085065933201352514 0.017300580432517945 0.036530927235857116 -0.02565814710133691 -0.023831950548181307 -0.023356781995498819 0.030782759619955757 -0.012195538962573218 0.019474151212316042 -0.025785282855826548 -0.0038611963705707641 0.025673807412382971 0.0079114597237428287 -0.030259320562946179 0 -0.015793911520888541 -0.036076539394512233 0.0093576048259468945 -0.0021358265155224871 -0.0044672769861786293 0.0076619560158448421 -0.050361826943914424 0.012710919634111991 -0.026200714596157616 0.020452257753273882 0 -0.034353047183082991 0.0094869232920657791 -0.049225776835162952 -0.017006938324494576 -0.017178011556162918 -0.0097956443752643414 -0.047508542634862844 -0.015088582088943892 -0.050070148640791151 -0.01711060093804595 -0.0030002709848362891 -0.039859295950475028 -0.0052820593999589813 -0.02558163924719261 0 -0.064315954153000537 -0.017689661361532064 -0.036014120946854002 -0.056399557654056028 -0.0056005201621441569 0.024551071301284689 0 0 0.005554060574368162 0.017784130975899246
leaf_weight=23.332054287195206 27.484860263764858 11.939690217375754 11.198371730744837 7.8686443194746962 11.567488186061381 10.54180677235127 8.2620747238397581 13.569886192679403 7.4819507077336338 7.8089689910411817 19.266865648329258 9.2085056304931623 6.2518348917365056 28.623508550226688 9.7084044143557531 12.690570272505282 5.7627002596855155 8.3466613069176656 7.3312179148197201 7.0909078344702712 12.082551062107088 8.2807478308677691 17.562859021127228 10.055819384753706 7.8387797549366933 9.4931199625134486 6.6726051792502403 11.595283783972262 6.1949778944253984 6.7195238992571822 9.1613559573888832 10.573016725480555 7.5828880593180648 7.9686571061611202 9.1936994567513448 7.4823090732097635 7.2189329862594604 10.276418313384054 8.7826165705919284 7.9800342395901671 11.769263908267019 7.4773221164941779 9.1791905835270864 97.341944023966789 12.699497886002062 38.102624833583832 19.95528344810009 6.5393380522727966 10.42679985612631 9.6833036392927188 14.361038863658903 7.735215246677396 66.586973369121552 13.8317609205842 20.745747365057468 10.254253312945364 12.131270729005335 15.931798443198206 5.9253312572836867 5.561634622514247 6.2368741631507865 12.723314709961413
leaf_count=127 171 102 89 51 109 77 60 104 63 51 127 79 57 292 66 89 40 83 56 66 80 66 170 88 52 77 48 75 55 54 70 90 41 71 62 70 59 65 77 43 84 54 68 579 92 216 144 52 61 75 98 64 336 96 126 54 96 151 49 45 55 120
internal_value=-0.0228257 -0.00574076 -0.0389303 0.0178767 -0.00993293 -0.0325114 -0.0372463 -0.00673508 -0.00797275 -0.0166069 -0.00397639 -0.0173033 -0.0196539 0.0259525 -0.000799418 0.000870766 0.00727914 -0.00567159 -0.00145611 -0.00530209 -0.0274506 -0.0344585 0.010248 0.00432976 -0.00734299 -0.0298192 0 -0.00710497 -0.0136267 -0.0257986 -0.0211527 -0.0124742 -0.0296332 0.00187711 -0.0140158 0.00312846 -0.0181427 -0.0210446 -0.0389102 -0.0199322 -0.0401653 -0.00360506 -0.0412945 -0.0421961 -0.0354062 -0.0378164 -0.0412705 -0.0205984 -0.0273605 0.00254422 -0.0189403 0.0119413 -0.0541786 -0.0406752 -0.0587176 -0.0439358 0 0.0146309 0.0180001 -0.00886624 0.021822 0.0321949
internal_weight=853.253 415.792 437.461 61.1552 354.637 312.964 235.698 308.465 296.898 90.7559 206.142 77.2667 32.1913 53.2865 173.95 164.242 84.015 80.227 67.5365 46.5685 44.1874 30.6176 78.2523 54.4526 25.1135 46.1717 12.9244 59.1898 36.6411 18.3148 68.0582 36.9529 31.1053 32.2202 18.6868 22.5487 15.0577 26.3799 224.499 16.7627 207.737 25.1293 195.967 187.705 90.3634 81.1842 68.4847 14.3483 30.3821 17.652 23.5224 15.2175 124.497 37.1638 87.3327 22.3368 18.3262 29.3391 21.8571 16.1034 23.7997 41.3468
internal_count=6087 3324 2763 565 2759 2078 1513 2449 2340 673 1667 565 232 514 1435 1369 727 642 553 369 304 200 687 462 199 310 105 470 280 129 486 277 209 266 139 190 111 187 1424 120 1304 200 1220 1160 581 513 421 103 205 146 168 134 685 223 462 134 151 263 200 122 225 412
is_linear=0
shrinkage=0.03


end of trees

feature_importances:
Cross_BTC_Gold_Ratio=27
hl_ratio=21
avg_spread=14
Cross_BTC_Gold_Ratio_ROC=14
D1_Vol_ZScore=12
co_ratio=12
TF_Hurst=12
D1_Body_Ratio=11
D1_ATR_14=11
Derived_Momentum_20D=11
tick_velocity=9
AUDJPYc_return=7
D1_Ret_1=6
D1_Bollinger_Width=6
Cross_DXY_Return=6
Derived_Momentum_5D=6
D1_ADX_14=5
Derived_Weekday_Sin=5
OIM=5
H4_Trend_Strength=4
Cross_EURUSD_Return=4
Derived_Days_To_MonthEnd=4
EURUSDc_return=4
TF_OU_Theta=4
H4_RSI_Divergence=3
Derived_Vol_Regime=3
USDJPYc_return=3
D1_RSI_14=2
Derived_Weekday_Cos=2

parameters:
[boosting: gbdt]
[objective: binary]
[metric: binary_logloss]
[tree_learner: serial]
[device_type: cpu]
[data_sample_strategy: bagging]
[data: ]
[valid: ]
[num_iterations: 1000]
[learning_rate: 0.03]
[num_leaves: 63]
[num_threads: 0]
[seed: 42]
[deterministic: 0]
[force_col_wise: 0]
[force_row_wise: 0]
[histogram_pool_size: -1]
[max_depth: -1]
[min_data_in_leaf: 50]
[min_sum_hessian_in_leaf: 0.001]
[bagging_fraction: 0.7]
[pos_bagging_fraction: 1]
[neg_bagging_fraction: 1]
[bagging_freq: 5]
[bagging_seed: 400]
[bagging_by_query: 0]
[feature_fraction: 0.7]
[feature_fraction_bynode: 1]
[feature_fraction_seed: 30056]
[extra_trees: 0]
[extra_seed: 12879]
[early_stopping_round: 0]
[early_stopping_min_delta: 0]
[first_metric_only: 0]
[max_delta_step: 0]
[lambda_l1: 0.5]
[lambda_l2: 2]
[linear_lambda: 0]
[min_gain_to_split: 0]
[drop_rate: 0.1]
[max_drop: 50]
[skip_drop: 0.5]
[xgboost_dart_mode: 0]
[uniform_drop: 0]
[drop_seed: 17869]
[top_rate: 0.2]
[other_rate: 0.1]
[min_data_per_group: 100]
[max_cat_threshold: 32]
[cat_l2: 10]
[cat_smooth: 10]
[max_cat_to_onehot: 4]
[top_k: 20]
[monotone_constraints: ]
[monotone_constraints_method: basic]
[monotone_penalty: 0]
[feature_contri: ]
[forcedsplits_filename: ]
[refit_decay_rate: 0.9]
[cegb_tradeoff: 1]
[cegb_penalty_split: 0]
[cegb_penalty_feature_lazy: ]
[cegb_penalty_feature_coupled: ]
[path_smooth: 0]
[interaction_constraints: ]
[verbosity: -1]
[saved_feature_importance_type: 0]
[use_quantized_grad: 0]
[num_grad_quant_bins: 4]
[quant_train_renew_leaf: 0]
[stochastic_rounding: 1]
[linear_tree: 0]
[max_bin: 255]
[max_bin_by_feature: ]
[min_data_in_bin: 3]
[bin_construct_sample_cnt: 200000]
[data_random_seed: 42]
[is_enable_sparse: 1]
[enable_bundle: 1]
[use_missing: 1]
[zero_as_missing: 0]
[feature_pre_filter: 1]
[pre_partition: 0]
[two_round: 0]
[header: 0]
[label_column: ]
[weight_column: ]
[group_column: ]
[ignore_column: ]
[categorical_feature: ]
[forcedbins_filename: ]
[precise_float_parser: 0]
[parser_config_file: ]
[objective_seed: 16083]
[num_class: 1]
[is_unbalance: 0]
[scale_pos_weight: 0.462913]
[sigmoid: 1]
[boost_from_average: 1]
[reg_sqrt: 0]
[alpha: 0.9]
[fair_c: 1]
[poisson_max_delta_step: 0.7]
[tweedie_variance_power: 1.5]
[lambdarank_truncation_level: 30]
[lambdarank_norm: 1]
[label_gain: ]
[lambdarank_position_bias_regularization: 0]
[eval_at: ]
[multi_error_top_k: 1]
[auc_mu_weights: ]
[num_machines: 1]
[local_listen_port: 12400]
[time_out: 120]
[machine_list_filename: ]
[machines: ]
[gpu_platform_id: -1]
[gpu_device_id: -1]
[gpu_use_dp: 0]
[num_gpu: 1]

end of parameters

pandas_categorical:null
