tree
version=v4
num_class=1
num_tree_per_iteration=1
label_index=0
max_feature_idx=36
objective=binary sigmoid:1
feature_names=D1_Ret_1 D1_Body_Ratio D1_ATR_14 D1_RSI_14 D1_MACD D1_Vol_ZScore D1_Bollinger_Width D1_ADX_14 H4_Trend_Strength H4_ATR_Ratio H4_RSI_Divergence H4_vs_D1_Alignment XAUUSDc_return Cross_DXY_Return Cross_EURUSD_Return Cross_Risk_On_Off Derived_Weekday_Sin Derived_Weekday_Cos Derived_Days_To_MonthEnd Derived_Is_MonthEnd_Week Derived_Weekend_Gap Derived_Vol_Regime Derived_Momentum_5D Derived_Momentum_20D tick_return hl_ratio co_ratio avg_spread OIM tick_velocity AUDJPYc_return EURUSDc_return USDJPYc_return TF_OU_Theta TF_Hurst Cross_BTC_Gold_Ratio Cross_BTC_Gold_Ratio_ROC
feature_infos=[-2.7184929847717285:2.250931978225708] [-0.82064199447631836:0.69813597202301025] [1989.1285400390625:2233.333251953125] [40.271209716796875:68.956893920898438] [-205.50100708007812:1969.614013671875] [-1.5724539756774902:1.5238829851150513] [0.038607999682426453:0.050032000988721848] [19.285354614257812:32.113792419433594] [-5.3349990844726562:5.8102068901062012] [0.30401900410652161:0.4440619945526123] [-11.696832656860352:21.136388778686523] [-1:1] none [-0.4654650092124939:0.45837500691413879] [-0.45837500691413879:0.4654650092124939] [-1:1] [-0.97492802143096924:0.97492802143096924] [-0.90096902847290039:1] [0.19354799389839172:0.90322601795196533] none [-2.7184929847717285:2.250931978225708] [0:0.1875] [-5.3054118156433105:6.0108389854431152] [-4.522925853729248:9.2537755966186523] none [0.00020489635062403977:0.0095071541145443916] [0.99235391616821289:1.0068670511245728] [0.016929645091295242:0.018804658204317093] [-1:1] [0.034000001847743988:1.8949999809265137] [-0.2931673526763916:0.21269430220127106] [-0.17300739884376526:0.22004763782024384] [-0.37292024493217468:0.26248404383659363] [0:18.420680999755859] [0.41201326251029968:0.75856196880340576] [16.515657424926758:17.938619613647461] [-0.0098437564447522163:0.013346478343009949]
tree_sizes=3325 3407 3401

Tree=0
num_leaves=31
num_cat=0
split_feature=0 27 23 13 35 2 25 35 35 36 27 35 27 13 14 35 36 27 25 36 36 25 34 13 14 27 27 35 25 34
split_gain=90.6944 52.3151 27.3902 14.1422 24.1125 20.8551 15.8743 9.46668 9.05284 8.09074 6.00857 10.5865 5.7847 5.45626 5.31048 14.7872 8.66473 5.35389 8.55791 5.29671 5.09471 5.08883 4.24816 4.04902 3.77148 14.6405 4.48548 3.16164 2.92501 2.88084
threshold=-1.0591380000114439 0.017213382758200172 7.8846819400787362 0.055879998952150352 16.970573425292972 2069.497680664063 0.0021478063426911835 17.212553024291996 16.604831695556644 -0.0016123059322126208 0.018148268572986129 16.987675666809086 0.018084946088492874 0.30532799661159521 -0.11402349546551703 17.215842247009281 0.0019518414046615364 0.017962827347218994 0.0010012820130214097 -0.0013348488137125967 -0.0023805538658052679 0.00083265049033798288 0.67603895068168651 -0.24135199189186093 -0.23019899427890775 0.017346649430692199 0.018048346973955635 17.171609878540043 0.001216433825902641 0.70703834295272838
decision_type=2 2 2 2 2 2 2 2 2 2 2 2 2 2 2 2 2 2 2 2 2 2 2 2 2 2 2 2 2 2
left_child=7 23 3 4 20 12 8 10 -5 -10 11 -1 22 -9 16 17 28 -16 -19 -4 -3 -7 -6 -2 25 -13 27 -26 -11 -30
right_child=1 2 19 6 5 21 -8 13 9 14 -12 24 -14 -15 15 -17 -18 18 -20 -21 -22 -23 -24 -25 26 -27 -28 -29 29 -31
leaf_value=0.72777219114450131 0.66092199876321667 0.70069905327318971 0.70321207662276752 0.75349906859637295 0.66650210072008031 0.69469207975561165 0.74330379919238299 0.65441516397156985 0.72012025633410248 0.6105499303628914 0.58896349780615187 0.61741202924950966 0.76132682737367696 0.57761665508401361 0.74398144092847762 0.61358075976430582 0.71264004595042119 0.64260709253156356 0.74448879480605101 0.76720470082546421 0.76922572972999914 0.62207055214922624 0.73273259608272845 0.5925916793792243 0.5977070124832955 0.73685309254225972 0.68094813627046424 0.6721085170945279 0.64303430701385955 0.70674050269161415
leaf_weight=3.2822883725166347 5.3882491588592556 2.9609287381172207 3.7276920080184963 1.8548861742019642 3.9578603506088275 3.8397895693778983 6.3403816223144522 5.0609163045883205 4.3793711066246024 13.454893350601198 5.8575456738471976 4.3031128644943255 5.4585341811180115 20.442374467849731 5.1371745467186027 5.0758493542671195 3.0670530796051017 4.1850420832633972 2.5125384926795959 15.175382077693937 13.753953099250792 9.4791133403778058 3.7187321782112122 11.815242469310759 10.266782879829409 4.1551759839057922 4.1730956435203543 3.2972214221954337 5.285111427307128 2.6306092739105225
leaf_count=27 35 22 28 17 26 28 54 32 35 74 28 23 49 99 44 27 24 25 22 136 124 54 31 60 53 35 29 22 32 20
internal_value=0.665427 0.688856 0.701317 0.690471 0.711678 0.682341 0.673622 0.615331 0.663672 0.658999 0.636374 0.649514 0.726245 0.590119 0.652244 0.677014 0.637142 0.70897 0.681415 0.754791 0.757149 0.640354 0.69846 0.610026 0.639112 0.673597 0.62558 0.61183 0.626304 0.661428
internal_weight=194.037 133.198 115.995 97.0918 43.1689 26.454 53.9229 60.8385 47.5825 45.7276 35.3352 29.4777 13.1351 25.5033 41.3483 16.9106 24.4377 11.8348 6.69758 18.9031 16.7149 13.3189 7.67659 17.2035 26.1954 8.45829 17.7371 13.564 21.3706 7.91572
internal_count=1315 967 872 708 334 188 374 348 320 303 217 189 106 131 268 118 150 91 47 164 146 82 57 95 162 58 104 75 126 52
is_linear=0
shrinkage=1


Tree=1
num_leaves=31
num_cat=0
split_feature=0 14 2 35 25 35 36 35 6 35 7 35 35 29 34 33 0 14 14 35 25 5 34 25 30 36 25 36 25 30
split_gain=79.0063 22.0735 14.2756 12.6063 9.20276 7.59314 7.46372 7.34686 7.38697 18.6986 20.2432 18.586 22.2936 9.59157 8.13448 7.87436 6.21085 5.19272 4.2727 3.61317 2.86636 2.74198 2.70675 3.73398 2.46063 2.27011 2.19033 1.83107 0.591425 0.302088
threshold=-1.0591380000114439 0.34674949944019323 2059.1210937500005 17.091488838195804 0.0023916000500321393 17.212553024291996 -0.0017200378351844845 16.682371139526371 0.046209499239921577 17.215842247009281 26.059054374694828 17.607977867126468 17.834960937500004 0.16450000554323199 0.68948110938072216 0.45661994814872747 0.77587148547172557 -0.15085200220346448 -0.23019899427890775 17.103888511657718 0.0010958210914395752 -0.57495799660682667 0.71154522895812999 0.0014646398485638203 -0.0083589009009301645 0.00066086207516491424 0.0012802517157979312 0.0020180116407573227 0.0017581218271516266 0.024663239717483524
decision_type=2 2 2 2 2 2 2 2 2 2 2 2 2 2 2 2 2 2 2 2 2 2 2 2 2 2 2 2 2 2
left_child=5 2 3 -2 7 17 -3 -4 9 10 14 -11 -13 25 -9 22 -5 19 -7 -1 -18 -6 23 -15 -8 -10 -12 -23 -24 -26
right_child=1 6 4 16 21 18 24 8 13 11 26 12 -14 15 -16 -17 20 -19 -20 -21 -22 27 28 -25 29 -27 -28 -29 -30 -31
leaf_value=0.00062597406136873015 0.054952503464189284 -0.025391340040076805 0.035730625297683852 -0.052161095540508011 -0.023128240932420122 -0.11823044992340477 0 0.0087672091004856994 -0.089610123132648448 -0.094421513438222082 0.060845617137873835 0.055143285792351615 -0.09044584200151301 0.010221683749881739 -0.080312729954582246 -0.075497273279307581 0.042411813050075034 -0.082478882864699621 -0.049408108987409952 -0.052567606389950207 -0.019964081902551015 0.047637479822219164 0.00043949909955568866 -0.049416876919183041 0.055782516421167785 -0.029678273344781177 0.0020712834182139562 -0.0023999719220771636 0.034212685204860822 0.017350147130831162
leaf_weight=4.0875357910990706 8.5086656287312525 4.1832303032279041 2.3765168562531462 6.2153523415327054 2.7629593089222908 21.278330408036712 2.7045838236808821 3.9090083986520785 16.583495438098911 12.563202135264875 9.1261343806982023 5.7501190155744535 3.3057698607444763 4.0794092416763323 5.1928578317165375 5.39916868507862 3.1196928098797798 21.123828448355198 5.1484491676092139 10.834463395178316 2.3932056576013565 3.8112347647547704 2.7522923126816741 4.7723147422075272 11.821298025548453 3.459588333964347 2.1767639368772498 2.5084004253149033 2.1903659105300903 2.162463180720807
leaf_count=31 77 29 21 39 19 99 21 30 90 66 84 52 16 32 28 30 28 118 32 68 17 34 21 30 107 23 17 19 19 18
internal_value=-0.0389448 -0.0169653 -0.025717 0.0116846 -0.0339711 -0.0849411 0.0291804 -0.0391378 -0.0417959 -0.0260202 0.00810025 -0.0573796 -0.00121473 -0.0575014 -0.0444796 -0.029497 -0.0211639 -0.0659635 -0.107295 -0.0385583 0.0156584 0.0122731 -0.00726827 -0.0231766 0.0438046 -0.081405 0.0510214 0.0294789 0.0194862 0.0517276
internal_weight=196.301 133.828 112.957 20.2369 92.7196 62.4726 20.8716 83.637 81.2605 42.0239 20.4048 21.6191 9.05589 39.2366 9.10187 19.1936 11.7283 36.0458 26.4268 14.922 5.5129 9.08259 13.7944 8.85172 16.6883 20.0431 11.3029 6.31964 4.94266 13.9838
internal_count=1315 967 792 161 631 348 175 559 538 293 159 134 68 245 58 132 84 217 131 99 45 72 102 62 146 113 101 53 40 125
is_linear=0
shrinkage=0.05


Tree=2
num_leaves=31
num_cat=0
split_feature=0 27 9 27 29 5 27 16 35 35 32 1 27 35 30 9 35 31 27 33 3 27 26 29 27 27 3 27 35 29
split_gain=68.9938 42.6414 22.9284 11.6688 12.5448 15.2836 11.2746 9.96337 9.09422 6.46058 6.20872 5.3361 5.02467 8.96375 4.49725 4.35682 17.3649 5.14462 3.58366 2.99784 2.85812 3.69921 2.7759 2.6687 2.29073 12.6632 1.90064 1.8421 2.96159 1.54843
threshold=-1.0591380000114439 0.017213382758200172 0.39447650313377386 0.017428441904485229 0.2465000003576279 1.3715004920959475 0.017275785095989708 0.87837952375411998 16.682371139526371 17.212553024291996 0.010201186873018743 0.24925300478935244 0.018148268572986129 16.987675666809086 -0.0017692464170977471 0.34553749859333044 17.215842247009281 -0.0034422962926328178 0.018096296116709713 0.1710772588849068 45.965604782104499 0.018292286433279518 1.0006346702575686 0.16849999874830249 0.018203710205852989 0.018264512531459335 68.51419830322267 0.018048346973955635 17.184628486633304 0.15650000423192981
decision_type=2 2 2 2 2 2 2 2 2 2 2 2 2 2 2 2 2 2 2 2 2 2 2 2 2 2 2 2 2 2
left_child=9 19 3 6 5 7 -3 8 -5 12 20 14 13 -1 -4 16 29 23 -9 -2 21 -6 24 -17 -19 -26 -21 28 -15 -10
right_child=1 2 11 4 10 -7 -8 18 15 -11 -12 -13 -14 27 -16 17 -18 22 -20 26 -22 -23 -24 -25 25 -27 -28 -29 -30 -31
leaf_value=0.021523139684913352 -0.03166147890242272 -0.037586989984732956 -0.032307782874435857 0.045207118312796328 -0.02932871273274448 0.056039602359881271 0.059384074205570958 -0.013767241781447538 0.055582166477199747 -0.099536301975287608 -0.03203543769263463 0.057019933716397547 -0.10358616944613551 -0.076581769080959983 0.031065587966938413 -0.040718691832102638 -0.063064420845033484 -0.096147080324225837 0.051855497401922579 -0.11028046706250548 0.051581339721786038 0.039363186019428939 -0.022621712552571314 0.0163948543689924 0.010824202640727011 -0.084591416834201988 -0.046014407969292015 -0.020766546151827939 -0.028211358291692502 0.0011469911070257194
leaf_weight=3.2973674610257175 3.7679419964551952 3.5816419422626486 3.3933940380811691 1.8078658282756794 3.0491297319531458 3.6117903441190711 8.1253257989883405 3.7845567166805258 3.5870032906532279 27.152369923889637 4.3109976947307578 13.884873218834398 6.2129023373126975 16.562470346689231 6.6877541691064852 3.4151481315493575 10.110223889350889 10.937257647514349 2.7466356456279755 10.173247776925562 6.8434266000986099 2.7799295336008072 4.2605566382408133 2.8824843466281891 4.746699556708335 9.5631739124655706 4.0639803335070601 4.3179343640804282 6.3324395865201941 2.1551528126001358
leaf_count=27 24 23 23 17 21 34 75 28 34 131 29 129 28 91 57 21 58 56 26 46 61 25 29 23 36 50 25 29 42 17
internal_value=-0.036747 -0.0161077 -0.00467087 -0.0160596 -0.0228948 -0.0330066 0.0286999 -0.0392799 -0.0463478 -0.0791378 0.0144282 0.0378762 -0.0616843 -0.0499764 0.0082919 -0.0504446 -0.0256394 -0.060296 0.016387 -0.0855645 0.0317871 0.00366585 -0.0689363 -0.0152277 -0.0754019 -0.053975 -0.0964878 -0.0592729 -0.0651529 0.0390935
internal_weight=198.146 134.27 116.265 92.299 80.592 63.6085 11.707 59.9968 53.4656 63.8755 16.9835 23.966 36.7231 30.5102 10.0811 51.6577 15.8524 35.8053 6.53119 18.0052 12.6725 5.82906 29.5077 6.29763 25.2471 14.3099 14.2372 27.2128 22.8949 5.74216
internal_count=1315 967 872 663 565 429 98 395 341 348 136 209 217 189 80 324 109 215 54 95 107 46 171 44 142 86 71 162 133 51
is_linear=0
shrinkage=0.05


end of trees

feature_importances:
Cross_BTC_Gold_Ratio=18
avg_spread=15
hl_ratio=9
Cross_BTC_Gold_Ratio_ROC=7
Cross_EURUSD_Return=5
D1_Ret_1=4
tick_velocity=4
TF_Hurst=4
Cross_DXY_Return=3
AUDJPYc_return=3
D1_ATR_14=2
D1_RSI_14=2
D1_Vol_ZScore=2
H4_ATR_Ratio=2
TF_OU_Theta=2
D1_Body_Ratio=1
D1_Bollinger_Width=1
D1_ADX_14=1
Derived_Weekday_Sin=1
Derived_Momentum_20D=1
co_ratio=1
EURUSDc_return=1
USDJPYc_return=1

parameters:
[boosting: gbdt]
[objective: binary]
[metric: binary_logloss]
[tree_learner: serial]
[device_type: cpu]
[data_sample_strategy: bagging]
[data: ]
[valid: ]
[num_iterations: 500]
[learning_rate: 0.05]
[num_leaves: 31]
[num_threads: 0]
[seed: 42]
[deterministic: 0]
[force_col_wise: 0]
[force_row_wise: 0]
[histogram_pool_size: -1]
[max_depth: -1]
[min_data_in_leaf: 20]
[min_sum_hessian_in_leaf: 0.001]
[bagging_fraction: 0.8]
[pos_bagging_fraction: 1]
[neg_bagging_fraction: 1]
[bagging_freq: 5]
[bagging_seed: 400]
[bagging_by_query: 0]
[feature_fraction: 0.8]
[feature_fraction_bynode: 1]
[feature_fraction_seed: 30056]
[extra_trees: 0]
[extra_seed: 12879]
[early_stopping_round: 0]
[early_stopping_min_delta: 0]
[first_metric_only: 0]
[max_delta_step: 0]
[lambda_l1: 0.1]
[lambda_l2: 1]
[linear_lambda: 0]
[min_gain_to_split: 0]
[drop_rate: 0.1]
[max_drop: 50]
[skip_drop: 0.5]
[xgboost_dart_mode: 0]
[uniform_drop: 0]
[drop_seed: 17869]
[top_rate: 0.2]
[other_rate: 0.1]
[min_data_per_group: 100]
[max_cat_threshold: 32]
[cat_l2: 10]
[cat_smooth: 10]
[max_cat_to_onehot: 4]
[top_k: 20]
[monotone_constraints: ]
[monotone_constraints_method: basic]
[monotone_penalty: 0]
[feature_contri: ]
[forcedsplits_filename: ]
[refit_decay_rate: 0.9]
[cegb_tradeoff: 1]
[cegb_penalty_split: 0]
[cegb_penalty_feature_lazy: ]
[cegb_penalty_feature_coupled: ]
[path_smooth: 0]
[interaction_constraints: ]
[verbosity: -1]
[saved_feature_importance_type: 0]
[use_quantized_grad: 0]
[num_grad_quant_bins: 4]
[quant_train_renew_leaf: 0]
[stochastic_rounding: 1]
[linear_tree: 0]
[max_bin: 255]
[max_bin_by_feature: ]
[min_data_in_bin: 3]
[bin_construct_sample_cnt: 200000]
[data_random_seed: 42]
[is_enable_sparse: 1]
[enable_bundle: 1]
[use_missing: 1]
[zero_as_missing: 0]
[feature_pre_filter: 1]
[pre_partition: 0]
[two_round: 0]
[header: 0]
[label_column: ]
[weight_column: ]
[group_column: ]
[ignore_column: ]
[categorical_feature: ]
[forcedbins_filename: ]
[precise_float_parser: 0]
[parser_config_file: ]
[objective_seed: 16083]
[num_class: 1]
[is_unbalance: 0]
[scale_pos_weight: 0.493249]
[sigmoid: 1]
[boost_from_average: 1]
[reg_sqrt: 0]
[alpha: 0.9]
[fair_c: 1]
[poisson_max_delta_step: 0.7]
[tweedie_variance_power: 1.5]
[lambdarank_truncation_level: 30]
[lambdarank_norm: 1]
[label_gain: ]
[lambdarank_position_bias_regularization: 0]
[eval_at: ]
[multi_error_top_k: 1]
[auc_mu_weights: ]
[num_machines: 1]
[local_listen_port: 12400]
[time_out: 120]
[machine_list_filename: ]
[machines: ]
[gpu_platform_id: -1]
[gpu_device_id: -1]
[gpu_use_dp: 0]
[num_gpu: 1]

end of parameters

pandas_categorical:null
