tree
version=v4
num_class=1
num_tree_per_iteration=1
label_index=0
max_feature_idx=36
objective=binary sigmoid:1
feature_names=D1_Ret_1 D1_Body_Ratio D1_ATR_14 D1_RSI_14 D1_MACD D1_Vol_ZScore D1_Bollinger_Width D1_ADX_14 H4_Trend_Strength H4_ATR_Ratio H4_RSI_Divergence H4_vs_D1_Alignment XAUUSDc_return Cross_DXY_Return Cross_EURUSD_Return Cross_Risk_On_Off Derived_Weekday_Sin Derived_Weekday_Cos Derived_Days_To_MonthEnd Derived_Is_MonthEnd_Week Derived_Weekend_Gap Derived_Vol_Regime Derived_Momentum_5D Derived_Momentum_20D tick_return hl_ratio co_ratio avg_spread OIM tick_velocity AUDJPYc_return EURUSDc_return USDJPYc_return TF_OU_Theta TF_Hurst Cross_BTC_Gold_Ratio Cross_BTC_Gold_Ratio_ROC
feature_infos=[-13.986119270324707:12.311240196228027] [-0.92213797569274902:0.86255699396133423] [2334.031494140625:4728.697265625] [15.833520889282227:69.849876403808594] [-5873.50048828125:1539.5223388671875] [-2.3284120559692383:3.3837859630584717] [0.02222600020468235:0.22283299267292023] [13.612317085266113:58.266666412353516] [-15.919281005859375:8.39447021484375] [0.26131001114845276:0.55751800537109375] [-26.852569580078125:18.72735595703125] [-1:1] [-10.059465408325195:6.5846962928771973] [-1.2582850456237793:0.98352199792861938] [-0.98352199792861938:1.2582850456237793] [-1:1] [-0.97492802143096924:0.97492802143096924] [-0.90096902847290039:1] [0:0.96774202585220337] [0:1] [-13.986119270324707:12.311240196228027] [0:0.98439997434616089] [-20.144699096679688:10.364812850952148] [-34.253673553466797:16.88249397277832] none [7.1071350248530507e-05:0.023100737482309341] [0.98096048831939697:1.0173139572143555] [0.018428988754749298:0.030009618028998375] [-1:1] [0.0080000003799796104:8.7030000686645508] [-0.39096963405609131:0.33495455980300903] [-0.45207425951957703:0.23008787631988525] [-0.25082975625991821:0.61165463924407959] [0:18.420680999755859] [0.33056366443634033:0.76357454061508179] [12.019372940063477:21.242767333984375] [-0.038140185177326202:0.039510279893875122]
tree_sizes=3638 4241 4222

Tree=0
num_leaves=34
num_cat=0
split_feature=1 1 0 14 2 7 35 12 35 35 35 35 35 2 12 17 7 35 12 35 35 35 35 35 12 35 5 35 2 5 5 30 35
split_gain=707.26 119.508 95.0673 60.3402 37.5601 32.708 28.7217 25.1447 15.3419 15.1639 24.3597 13.7156 11.0521 11.0467 10.4943 8.87101 8.30198 6.19768 4.89457 4.59121 6.63906 5.93095 4.43428 4.33323 3.81627 3.07085 2.46605 2.67635 1.45791 0.942093 0.708181 0.196213 0.0216987
threshold=-0.15377149730920789 0.63102951645851146 -2.5905750989913936 0.3627960085868836 3734.151733398438 17.0365104675293 12.656217098236086 0.046531563624739654 13.712970256805422 20.332785606384281 19.671804428100589 14.321850776672365 15.167845249176027 4224.8249511718759 0.39410817623138433 0.81174498796463024 18.635700225830082 13.314922809600832 0.68402549624443065 20.327095985412601 19.502864837646488 19.359982490539554 21.019230842590336 15.882638454437258 -0.064135765656828866 12.484073162078859 -0.85260450839996327 20.135380744934086 2409.3332519531255 -1.1449970006942747 -0.42415051162242884 0.00097185053164139401 20.294598579406742
decision_type=2 2 2 2 2 2 2 2 2 2 2 2 2 2 2 2 2 2 2 2 2 2 2 2 2 2 2 2 2 2 2 2 2
left_child=2 3 -1 4 7 -3 -4 8 -2 10 15 -10 -13 16 -11 17 -8 25 32 20 21 23 24 -14 -7 -9 -6 -28 -18 -26 -21 -17 -12
right_child=1 5 6 -5 26 22 13 9 11 14 18 12 19 -15 -16 31 28 -19 -20 30 -22 -23 -24 -25 29 -27 27 -29 -30 -31 -32 -33 -34
leaf_value=0.75360174151982773 0.78733482039408209 0.78847738048707872 0.79917116155426338 0.7763000928673176 0.80011930011211285 0.80522650018073882 0.78663808335464158 0.79160742308696852 0.81428245089624718 0.76950634795917106 0.81444062389320848 0.78642338340839779 0.79979226073898468 0.78689738834681466 0.79362547041289344 0.79831247117715143 0.78467284207437704 0.78428036783812671 0.79877058527452982 0.80011930011211285 0.81563453726960211 0.79132926488560462 0.80045420897691288 0.81295625133057536 0.8036348385071318 0.80381730645021898 0.81667096054387878 0.80011930011211285 0.76785073847585061 0.82061751522517312 0.79422465073453974 0.80124932923690517 0.80250803159539541
leaf_weight=184.3291007578373 26.480200350284576 14.074000179767607 18.215600311756134 75.199800789356232 10.586500197649 19.077400386333466 28.318500369787216 9.7991001307964343 27.041300624608994 22.096800148487091 11.020500272512438 16.436200201511383 13.931400239467623 35.157100468873978 19.660200297832489 12.372100204229357 23.243800282478333 95.278501242399216 13.953100234270094 9.9138001799583453 13.925200343132017 11.807900160551069 10.180400192737578 12.024900287389753 8.1499001681804639 10.617500215768812 26.76230064034462 8.5994001626968366 273.42930230498314 83.9480020403862 14.34990021586418 12.049700230360029 9.8487001955509168
leaf_count=1049 202 106 154 530 93 174 215 75 263 138 111 122 118 269 158 103 172 723 117 86 140 91 90 119 75 97 265 76 1807 838 115 107 89
internal_value=0.782112 0.796975 0.765981 0.792287 0.795554 0.81319 0.772618 0.79332 0.799982 0.789073 0.792343 0.802946 0.799379 0.771389 0.778312 0.788621 0.770028 0.786394 0.80613 0.802485 0.80591 0.800227 0.816641 0.80601 0.817786 0.798616 0.811539 0.813869 0.768791 0.819682 0.796473 0.800119 0.811519
internal_weight=1181.88 619.185 562.693 483.755 408.555 135.43 378.364 362.607 145.911 216.696 174.939 119.431 92.3893 360.149 41.757 140.117 324.992 115.695 34.8223 75.9531 51.6894 37.7642 121.356 25.9563 111.175 20.4166 45.9482 35.3617 296.673 92.0979 24.2637 24.4218 20.8692
internal_count=8887 5221 3666 3938 3408 1283 2617 2974 1256 1718 1422 1054 791 2463 296 1105 2194 895 317 669 468 328 1177 237 1087 172 434 341 1979 913 201 210 200
is_linear=0
shrinkage=1


Tree=1
num_leaves=39
num_cat=0
split_feature=0 0 0 27 13 13 27 3 27 23 5 2 27 5 22 27 18 0 27 27 3 7 5 5 0 36 18 13 0 27 27 27 31 7 36 5 27 36
split_gain=666.062 104.506 89.896 77.3978 51.129 26.0253 19.0689 26.8171 14.9982 14.5811 14.1473 12.9628 12.8863 11.6466 10.4936 13.9064 23.8718 10.3319 9.63206 13.9444 8.13449 6.44767 7.49203 18.9917 5.55299 5.12245 4.37628 3.63909 2.76533 2.44259 2.38489 5.67708 1.476 1.21009 1.17271 0.982755 0.72432 0.61153
threshold=-0.23787049949169156 -2.5905750989913936 2.5709060430526738 0.026830878108739856 -0.27079498767852778 0.53627800941467296 0.020409374497830871 47.632505416870124 0.020747236907482151 -20.498557090759274 0.32699500024318701 3437.2875976562505 0.020187879912555221 -1.3247449994087217 -4.1956741809844962 0.025770705193281177 0.33870999515056616 0.22654099762439731 0.020161810331046585 0.020589921623468403 52.084484100341804 18.635700225830082 1.2617149949073794 1.6534879803657534 0.085505001246929183 0.0001200006445287727 0.37212000787258154 0.089721001684665694 2.2710504531860356 0.020922610536217693 0.026522535830736164 0.026896335184574131 0.0017174384556710722 24.397939682006839 0.00038761812902521347 0.25514449179172521 0.019894354045391086 0.0008033885678742082
decision_type=2 2 2 2 2 2 2 2 2 2 2 2 2 2 2 2 2 2 2 2 2 2 2 2 2 2 2 2 2 2 2 2 2 2 2 2 2 2
left_child=1 -1 4 21 18 26 7 -6 10 37 17 -5 25 24 28 20 30 32 -2 -20 -16 35 -23 -24 -11 33 -4 -27 -15 -26 -17 -32 34 36 -8 -3 -9 -10
right_child=2 3 5 11 6 -7 8 12 9 13 -12 -13 -14 14 15 16 -18 -19 19 -21 -22 22 23 -25 29 27 -28 -29 -30 -31 31 -33 -34 -35 -36 -37 -38 -39
leaf_value=-0.044845897286838216 -0.029105287738622383 -0.0063052327947678982 0.0054845575217743201 -0.0075120091387851978 -0.021055416255393991 -0.010100367082263438 0.0065957554745602375 0.0049554122880958503 0.015683045688234757 -0.0066117808549307697 -0.011286569644952343 0.013466658659940902 0.014162388534883177 0.0092104104175586392 -0.022087541904219764 -0.018849339587131985 0.013754739272177028 0.016315967692319286 0.00053955099666194739 -0.023060719367261125 -0.0017397330841145389 -0.03116673489953108 0 -0.025888355570302314 0 0 0.022201616215126837 -0.013175264511120229 -0.0018736875715833637 0.0099127571434485199 0.002885323120143112 -0.010961436422997359 -0.0040266620854484932 -0.0034357138291007607 0 -0.019632857819108597 0 0.0012389570451503597
leaf_weight=187.52907137572765 33.348663210868835 19.15905599296093 16.999878644943237 22.762688167393208 42.324021995067596 9.1705239713191968 14.416285187006002 14.752191103994848 9.7617343068122882 9.4273668229579908 8.7651936039328557 15.083912260830401 10.894716538488863 11.967644400894642 35.943022847175598 10.336636707186697 18.219228625297546 42.338562309741974 19.282921671867374 11.378956735134123 15.030497431755064 300.1830470263958 18.742337495088577 29.059049732983112 8.9808394908905012 12.223681576550005 63.572905123233795 28.991499118506908 9.0932225286960602 27.373282387852669 13.153257451951502 22.36887065321207 8.7589835003018361 19.459707319736481 8.7775993496179563 23.21561661362648 8.8596652746200544 7.8334144204854956
leaf_count=1049 214 153 157 181 299 68 134 135 101 73 64 147 110 115 251 69 178 417 167 72 126 1968 160 192 76 105 649 220 75 259 118 172 70 160 74 163 75 71
internal_value=-0.0175462 -0.0319087 -0.00193992 -0.0257215 -0.00542425 0.0158318 -0.00268682 -0.00865816 0.000214918 -0.00265402 0.00720578 0.000744741 -0.00207033 -0.00454871 -0.00748794 -0.00988337 -0.00271194 0.0103401 -0.021457 -0.00938281 -0.0173149 -0.0283403 -0.0295716 -0.0169835 0.00347596 -0.00518012 0.0195516 -0.00980702 0.00383229 0.00730048 -0.0105529 -0.0053705 0.000473673 0 0.00364995 -0.0155417 0.00261269 0.0122774
internal_weight=1189.54 615.735 573.805 428.206 484.062 89.7433 420.051 137.505 282.546 199.489 83.0566 37.8466 95.1815 181.894 136.112 115.052 64.078 74.2914 64.0105 30.6619 50.9735 390.359 347.984 47.8014 45.7815 84.2867 80.5728 41.2152 21.0609 36.3541 45.8588 35.5221 31.9529 43.0716 23.1939 42.3747 23.6119 17.5951
internal_count=8887 4013 4874 2964 4000 874 3547 1104 2443 1684 759 328 805 1512 1104 914 537 695 453 239 377 2636 2320 352 408 695 806 325 190 335 359 290 278 370 208 316 210 172
is_linear=0
shrinkage=0.02


Tree=2
num_leaves=39
num_cat=0
split_feature=1 1 0 27 13 2 7 21 29 27 2 22 2 7 35 27 7 29 2 29 36 29 35 35 22 23 35 1 0 12 35 26 36 26 9 13 12 2
split_gain=630.188 111.277 80.1168 79.6114 54.8481 35.2859 30.7709 23.4411 24.2685 22.1591 16.6839 13.7597 12.5913 11.4613 8.69786 7.63052 7.61836 8.50893 8.03411 7.48559 7.36265 6.901 6.89929 6.73717 5.84293 5.53995 4.79152 4.37466 4.20853 4.20233 4.10989 3.17338 2.91037 2.73005 2.17121 1.65821 1.23081 0.98499
threshold=-0.15377149730920789 0.63102951645851146 -2.5905750989913936 0.026830878108739856 -0.27079498767852778 3734.151733398438 17.0365104675293 0.023399999365210537 0.38949999213218695 0.02033802401274443 2788.3908691406255 4.028307557106019 3437.2875976562505 18.214367866516117 14.12357807159424 0.02543391473591328 18.635700225830082 0.18349999934434894 4346.7863769531259 0.41650000214576727 -0.0022178397048264738 0.49950000643730169 16.602079391479496 20.116202354431156 0.88248950242996227 1.9714540243148806 19.359982490539554 0.31832699477672582 1.3883990049362185 -0.064135765656828866 20.517763137817386 1.0010263323783877 0.00074926172965206217 0.99990260601043712 0.3107724934816361 0.16834650188684466 2.4489268064498906 2747.052368164063
decision_type=2 2 2 2 2 2 2 2 2 2 2 2 2 2 2 2 2 2 2 2 2 2 2 2 2 2 2 2 2 2 2 2 2 2 2 2 2 2
left_child=2 4 -1 16 31 7 -3 9 11 10 23 13 -5 27 -13 21 17 -4 25 36 35 -10 -23 -6 26 -18 37 -9 -8 32 -25 -2 -30 -16 -22 -15 -7 -11
right_child=1 6 3 12 5 19 28 8 15 24 -12 14 -14 20 33 -17 18 -19 -20 -21 34 22 -24 30 -26 -27 -28 -29 29 -31 -32 -33 -34 -35 -36 -37 -38 -39
leaf_value=-0.043297913152528809 -0.024768376190526055 -0.011093025137065799 0 -0.007371605570850509 0.0096501811330406018 0.018144800045414373 0.003004861111391241 -0.009417325721819721 0.0057220675624468373 0 -0.02568635548224148 0.0071351757181115239 0.013314953316324587 0 0 0.0095779213427800557 -0.034240579611085176 -0.019972839672802528 -0.0093184273279886647 -0.00025635575819534157 -0.0071522909146211205 -0.015069693026106072 0.00072031254796403382 -0.012623899623420854 0.015846137494260778 -0.023164773666940305 -0.0046752376732674778 0.0030763521901376496 0.01039037223033094 0.01978881923792699 0.00058414016825483663 -0.0059287997494867316 -0.001351494365265836 -0.014047618146724965 -0.022992636536209456 -0.008947418791780206 0.0024223667707065867 0.012097758721012111
leaf_weight=190.49674540758133 63.98844601213932 14.235661350190638 10.887736417353155 22.826892122626305 11.294014200568197 24.527249217033386 16.406802408397198 17.177454896271232 13.617328159511088 9.9944764375686663 10.567018724977968 16.796259693801403 15.008387312293051 10.795969910919668 11.761625170707704 20.355642080307007 197.52330610901117 17.688022933900356 16.62047016620636 11.975576065480707 15.807431526482103 19.800877951085567 13.141641877591608 12.6701907068491 25.280589044094086 105.04315356910229 14.443030931055544 14.09594167023897 10.932141810655596 84.546189114451408 10.996289640665053 12.467780381441115 8.0483426973223668 13.45437631011009 82.626204900443554 10.617398969829081 9.1327659115195257 8.9636578261852247
leaf_count=1049 433 106 94 181 109 249 148 132 125 88 63 157 147 93 100 191 1226 121 126 102 124 145 115 94 251 722 117 127 107 855 97 97 67 98 578 80 83 90
internal_value=-0.0171102 -0.00301498 -0.032084 -0.0259839 -0.0075034 -0.0043734 0.0127245 -0.006527 -0.00970214 0.00120311 -0.00843783 -0.0132247 0.000730283 -0.0160018 -0.00195785 0.000260166 -0.0289445 -0.0129687 -0.0300602 0.011171 -0.0188078 -0.00376542 -0.00871513 0 0.00922923 -0.030932 0.00202866 -0.00331114 0.0161225 0.0176908 -0.00640897 -0.022617 0.00491675 -0.00918597 -0.0212076 -0.00471414 0.0155199 0.00829796
internal_weight=1196.61 620.518 576.095 385.598 486.349 409.893 134.169 364.257 260.048 104.209 45.5275 193.133 37.8353 151.12 42.0123 66.9155 347.763 28.5758 319.187 45.6356 119.847 46.5598 32.9425 34.9605 58.6818 302.566 33.4012 31.2734 119.933 103.527 23.6665 76.4562 18.9805 25.216 98.4336 21.4134 33.66 18.9581
internal_count=8887 5221 3666 2617 3938 3408 1283 2974 2065 909 363 1489 328 1134 355 576 2289 215 2074 434 875 385 260 300 546 1948 295 259 1177 1029 191 530 174 198 702 173 332 178
is_linear=0
shrinkage=0.02


end of trees

feature_importances:
Cross_BTC_Gold_Ratio=20
avg_spread=14
D1_Ret_1=9
D1_ATR_14=9
D1_Vol_ZScore=8
D1_ADX_14=7
XAUUSDc_return=6
D1_Body_Ratio=5
Cross_DXY_Return=5
Cross_BTC_Gold_Ratio_ROC=5
tick_velocity=4
Derived_Momentum_5D=3
D1_RSI_14=2
Derived_Days_To_MonthEnd=2
Derived_Momentum_20D=2
co_ratio=2
H4_ATR_Ratio=1
Cross_EURUSD_Return=1
Derived_Weekday_Cos=1
Derived_Vol_Regime=1
AUDJPYc_return=1
EURUSDc_return=1

parameters:
[boosting: gbdt]
[objective: binary]
[metric: binary_logloss]
[tree_learner: serial]
[device_type: cpu]
[data_sample_strategy: bagging]
[data: ]
[valid: ]
[num_iterations: 3000]
[learning_rate: 0.02]
[num_leaves: 95]
[num_threads: 0]
[seed: 42]
[deterministic: 0]
[force_col_wise: 0]
[force_row_wise: 0]
[histogram_pool_size: -1]
[max_depth: -1]
[min_data_in_leaf: 80]
[min_sum_hessian_in_leaf: 0.001]
[bagging_fraction: 0.65]
[pos_bagging_fraction: 1]
[neg_bagging_fraction: 1]
[bagging_freq: 5]
[bagging_seed: 400]
[bagging_by_query: 0]
[feature_fraction: 0.65]
[feature_fraction_bynode: 1]
[feature_fraction_seed: 30056]
[extra_trees: 0]
[extra_seed: 12879]
[early_stopping_round: 0]
[early_stopping_min_delta: 0]
[first_metric_only: 0]
[max_delta_step: 0]
[lambda_l1: 1.5]
[lambda_l2: 5]
[linear_lambda: 0]
[min_gain_to_split: 0]
[drop_rate: 0.1]
[max_drop: 50]
[skip_drop: 0.5]
[xgboost_dart_mode: 0]
[uniform_drop: 0]
[drop_seed: 17869]
[top_rate: 0.2]
[other_rate: 0.1]
[min_data_per_group: 100]
[max_cat_threshold: 32]
[cat_l2: 10]
[cat_smooth: 10]
[max_cat_to_onehot: 4]
[top_k: 20]
[monotone_constraints: ]
[monotone_constraints_method: basic]
[monotone_penalty: 0]
[feature_contri: ]
[forcedsplits_filename: ]
[refit_decay_rate: 0.9]
[cegb_tradeoff: 1]
[cegb_penalty_split: 0]
[cegb_penalty_feature_lazy: ]
[cegb_penalty_feature_coupled: ]
[path_smooth: 0]
[interaction_constraints: ]
[verbosity: -1]
[saved_feature_importance_type: 0]
[use_quantized_grad: 0]
[num_grad_quant_bins: 4]
[quant_train_renew_leaf: 0]
[stochastic_rounding: 1]
[linear_tree: 0]
[max_bin: 255]
[max_bin_by_feature: ]
[min_data_in_bin: 3]
[bin_construct_sample_cnt: 200000]
[data_random_seed: 42]
[is_enable_sparse: 1]
[enable_bundle: 1]
[use_missing: 1]
[zero_as_missing: 0]
[feature_pre_filter: 1]
[pre_partition: 0]
[two_round: 0]
[header: 0]
[label_column: ]
[weight_column: ]
[group_column: ]
[ignore_column: ]
[categorical_feature: ]
[forcedbins_filename: ]
[precise_float_parser: 0]
[parser_config_file: ]
[objective_seed: 16083]
[num_class: 1]
[is_unbalance: 0]
[scale_pos_weight: 0.449275]
[sigmoid: 1]
[boost_from_average: 1]
[reg_sqrt: 0]
[alpha: 0.9]
[fair_c: 1]
[poisson_max_delta_step: 0.7]
[tweedie_variance_power: 1.5]
[lambdarank_truncation_level: 30]
[lambdarank_norm: 1]
[label_gain: ]
[lambdarank_position_bias_regularization: 0]
[eval_at: ]
[multi_error_top_k: 1]
[auc_mu_weights: ]
[num_machines: 1]
[local_listen_port: 12400]
[time_out: 120]
[machine_list_filename: ]
[machines: ]
[gpu_platform_id: -1]
[gpu_device_id: -1]
[gpu_use_dp: 0]
[num_gpu: 1]

end of parameters

pandas_categorical:null
