tree
version=v4
num_class=1
num_tree_per_iteration=1
label_index=0
max_feature_idx=34
objective=regression
feature_names=Column_0 Column_1 Column_2 Column_3 Column_4 Column_5 Column_6 Column_7 Column_8 Column_9 Column_10 Column_11 Column_12 Column_13 Column_14 Column_15 Column_16 Column_17 Column_18 Column_19 Column_20 Column_21 Column_22 Column_23 Column_24 Column_25 Column_26 Column_27 Column_28 Column_29 Column_30 Column_31 Column_32 Column_33 Column_34
feature_infos=none none none none none none none none none none none none none none none none [-0.78183150291442871:0.97492790222167969] [-0.90096884965896606:1] [0:0.96774190664291382] [0:1] [0:1] none [-0.057110078632831573:0.10172653943300247] [-0.057110078632831573:0.071813404560089111] [-0.014867929741740227:0.008682597428560257] [0.00020099651010241359:0.017694499343633652] [0:0.99871492385864258] none [-0.99167191982269287:0.99871492385864258] [0.050959084182977676:5.1567516326904297] none none none [-0.0069343061186373234:0.13261470198631287] none
tree_sizes=3384 3384 3400 3388 3397 3406 3393 3388 3404 3406 3414 3406 3399 3394

Tree=0
num_leaves=31
num_cat=0
split_feature=22 23 33 33 33 22 23 33 33 33 33 23 23 23 33 22 23 23 23 22 33 24 33 33 33 29 22 22 23 33
split_gain=2.39887 1.71915 1.80686 1.48643 1.64517 1.22415 1.72969 2.11296 1.65908 1.4954 1.94645 1.45953 1.15577 1.15456 1.34372 1.53418 1.04418 2.00379 0.663231 1.29784 0.821109 0.621973 0.494264 0.438075 0.39942 0.394187 0.380546 0.283137 0.281471 0.339733
threshold=0.073777232319116606 -0.040562704205512994 0.028641248121857647 0.0014489185414277019 0.068900387734174742 -0.033103203400969498 0.024704762734472755 0.015571346506476404 0.050007978454232223 0.028220793232321743 0.045176353305578239 0.016117129474878315 0.03118238411843777 -0.00043076361180283124 0.020350569859147075 0.043273592367768295 0.053565142676234252 0.059371326118707664 0.0037139020860195164 -0.040531968697905534 0.020837547257542614 0.00053767391364090155 0.013115734327584507 0.040513638406991966 0.063340269029140486 1.0852369070053103 0.061520615592598922 0.052274294197559364 0.014238145668059589 0.090005751699209227
decision_type=2 2 2 2 2 2 2 2 2 2 2 2 2 2 2 2 2 2 2 2 2 2 2 2 2 2 2 2 2 2
left_child=1 2 -1 -3 5 18 8 -8 11 12 25 13 -9 22 -15 23 -2 -18 19 -5 -21 28 -7 -16 -10 -11 -17 -14 -6 -30
right_child=16 3 -4 4 21 6 7 9 24 10 -12 -13 27 14 15 26 17 -19 -20 20 -22 -23 -24 -25 -26 -27 -28 -29 29 -31
leaf_value=-0.03670123454817923 -0.071272226642994846 -0.03742185541759651 -0.065900369835065919 -0.042852749928856182 -0.036186083013836828 -0.051414153756565231 -0.072480456660279829 -0.062750186567529315 -0.058904032578095067 -0.072307296480668928 -0.044801467950169531 -0.038680706762682773 -0.036852749705338771 -0.041086984097310569 -0.070578241157789587 -0.03751941639684072 -0.033519416247829115 -0.071852751009190335 -0.070293611166161618 -0.070129587103189589 -0.049883053221058404 -0.055233702771034968 -0.038047718303313938 -0.05551941706739294 -0.073519417737945167 -0.059119417201503384 -0.054388982242672267 -0.049519416843875529 -0.054471797980747041 -0.038736807746539897
leaf_weight=4.4000000655651084 4.4500000663101664 2.0500000305473796 1.050000015646219 1.5000000223517416 2.2500000335276118 1.9000000283122034 3.8500000573694697 1.3000000193715076 2.6000000387430187 3.3000000491738319 1.9500000290572641 4.6500000692903987 2.4000000357627873 1.8500000275671551 3.4000000506639481 1.0000000149011614 1.0000000149011614 1.2000000178813932 3.1000000461935997 2.9500000439584237 1.1000000163912771 1.7500000260770319 2.6500000394880772 1.000000014901161 1.050000015646219 1.2500000186264513 1.1500000171363352 1.000000014901161 1.0500000156462195 1.1500000171363352
leaf_count=88 89 41 21 30 45 38 77 26 52 66 39 93 48 37 68 20 20 24 62 59 22 35 53 20 21 25 23 20 21 23
internal_value=-0.0543157 -0.053025 -0.0423268 -0.0541209 -0.0547902 -0.0561223 -0.0545112 -0.0596988 -0.0508371 -0.0553051 -0.0615194 -0.0482921 -0.0467109 -0.0517434 -0.0561385 -0.0603896 -0.0656999 -0.0544285 -0.0628836 -0.0587446 -0.0646305 -0.0451323 -0.0436293 -0.0671558 -0.0631085 -0.0686843 -0.0465427 -0.0405782 -0.0411599 -0.0462467
internal_weight=65.3 58.65 5.45 53.2 51.15 44.95 36.3 15.05 21.25 11.2 6.5 17.6 4.7 12.95 8.4 6.55 6.65 2.2 8.65 5.55 4.05 6.2 4.55 4.4 3.65 4.55 2.15 3.4 4.45 2.2
internal_count=1306 1173 109 1064 1023 899 726 301 425 224 130 352 94 259 168 131 133 44 173 111 81 124 91 88 73 91 43 68 89 44
is_linear=0
shrinkage=1


Tree=1
num_leaves=31
num_cat=0
split_feature=22 23 33 33 33 22 23 33 33 33 33 23 23 23 33 22 23 23 23 22 33 24 25 33 25 23 29 18 23 22
split_gain=2.30387 1.65107 1.73531 1.4295 1.6226 1.12573 1.4714 1.98246 1.40733 1.39 1.63706 1.2754 1.11 1.09808 1.29051 1.47343 1.00283 1.92444 0.636967 1.24644 0.788593 0.597343 0.560903 0.485666 0.43756 0.398163 0.390431 0.376195 0.298678 0.271925
threshold=0.073777232319116606 -0.040562704205512994 0.028641248121857647 0.0041142986156046399 0.068900387734174742 -0.033103203400969498 0.023818984627723697 0.015571346506476404 0.050007978454232223 0.028220793232321743 0.045176353305578239 0.016117129474878315 0.03118238411843777 -0.00043076361180283124 0.020350569859147075 0.043273592367768295 0.053565142676234252 0.059371326118707664 0.0037139020860195164 -0.040531968697905534 0.020837547257542614 0.00053767391364090155 0.0014783864025957885 0.013115734327584507 0.0023449975997209553 0.032944811508059509 1.0852369070053103 0.49193547666072851 0.020665962249040607 0.052274294197559364
decision_type=2 2 2 2 2 2 2 2 2 2 2 2 2 2 2 2 2 2 2 2 2 2 2 2 2 2 2 2 2 2
left_child=1 2 -1 -3 5 18 8 -8 11 12 26 13 -9 23 -15 24 -2 -18 19 -5 -21 -6 -17 -7 -16 -12 -11 -10 -13 -14
right_child=16 3 -4 4 21 6 7 9 27 10 25 28 29 14 15 22 17 -19 -20 20 -22 -23 -24 -25 -26 -27 -28 -29 -30 -31
leaf_value=0.017552205675604313 -0.016327363930201365 0.014390108759422895 -0.011062944976828028 0.011523721841120884 0.013182748607493413 0.0022782829250651187 -0.017469310137724365 -0.0079757662304491307 -0.018675765116873879 -0.016772847228134571 0.00024553150676502611 0.020773613143360421 0.017403721425875197 0.013254173063585669 -0.015713694764294329 -0.0030471761070612613 0.02067038833096042 -0.016896278718169337 -0.015368321044590223 -0.015207578217264178 0.0046340237951085451 -0.0006096119874986494 0.017433489534537248 0.016232651398898706 -0.00066372907662795317 0.016896029160975962 -0.0040330764822976073 -0.0039821194620309006 0.010041906226074489 0.0049903877825977199
leaf_weight=4.4000000655651084 4.4500000663101664 2.8000000417232505 1.050000015646219 1.5000000223517416 4.4500000663101664 1.600000023841855 3.7000000551342955 1.3000000193715076 1.0000000149011614 3.35000004991889 1.3500000201165678 2.1000000312924376 2.4000000357627873 1.8500000275671551 3.4000000506639481 1.0000000149011614 1.0000000149011614 1.2000000178813932 3.1000000461935997 2.9500000439584237 1.1000000163912771 1.7500000260770319 1.1500000171363352 2.6500000394880772 1.000000014901161 1.000000014901161 1.3500000201165674 2.3000000342726699 2.0500000305473804 1.000000014901161
leaf_count=88 89 56 21 30 89 32 74 26 20 67 27 42 48 37 68 20 20 24 62 59 22 35 23 53 20 20 27 46 41 20
internal_value=0.00028999 0.00155496 0.0120392 0.000480915 -0.000291818 -0.00163584 -6.14042e-05 -0.00470238 0.00350592 -0.000682159 -0.00629875 0.0058514 0.00774273 0.0026951 -0.00149628 -0.00566244 -0.0108665 0.000179479 -0.00810649 -0.00405033 -0.0098185 0.00928974 0.0079076 0.0109792 -0.0122932 0.00733085 -0.0131136 -0.00843474 0.0154724 0.0137527
internal_weight=65.3 58.65 5.45 53.2 50.4 44.2 35.55 15.45 20.1 11.75 7.05 16.8 4.7 12.65 8.4 6.55 6.65 2.2 8.65 5.55 4.05 6.2 2.15 4.25 4.4 2.35 4.7 3.3 4.15 3.4
internal_count=1306 1173 109 1064 1008 884 711 309 402 235 141 336 94 253 168 131 133 44 173 111 81 124 43 85 88 47 94 66 83 68
is_linear=0
shrinkage=0.02


Tree=2
num_leaves=31
num_cat=0
split_feature=22 23 33 33 33 22 23 33 33 33 33 23 23 23 33 22 23 23 23 22 33 24 25 33 25 33 23 33 22 23
split_gain=2.21264 1.58569 1.66659 1.37945 1.51809 1.12834 1.59847 1.95469 1.5342 1.37975 1.79956 1.35179 1.06605 1.06337 1.2394 1.41508 0.963122 1.84823 0.611743 1.19708 0.757365 0.573688 0.538691 0.457397 0.420232 0.379144 0.270325 0.326279 0.261157 0.242727
threshold=0.073777232319116606 -0.040562704205512994 0.028641248121857647 0.0014489185414277019 0.068900387734174742 -0.033103203400969498 0.024704762734472755 0.015571346506476404 0.050007978454232223 0.028220793232321743 0.045176353305578239 0.016117129474878315 0.03118238411843777 -0.00043076361180283124 0.020350569859147075 0.043273592367768295 0.053565142676234252 0.059371326118707664 0.0037139020860195164 -0.040531968697905534 0.020837547257542614 0.00053767391364090155 0.0014783864025957885 0.013115734327584507 0.0023449975997209553 0.063340269029140486 0.014238145668059589 0.090005751699209227 0.052274294197559364 0.020665962249040607
decision_type=2 2 2 2 2 2 2 2 2 2 2 2 2 2 2 2 2 2 2 2 2 2 2 2 2 2 2 2 2 2
left_child=1 2 -1 -3 5 18 8 -8 11 12 -11 13 -9 23 -15 24 -2 -18 19 -5 -21 26 -17 -7 -16 -10 -6 -28 -14 -13
right_child=16 3 -4 4 21 6 7 9 25 10 -12 29 28 14 15 22 17 -19 -20 20 -22 -23 -24 -25 -26 -27 27 -29 -30 -31
leaf_value=0.017201162516782519 -0.016000816908433076 0.016558194749643894 -0.010841686294422672 0.011293247074486104 0.017793400717873366 0.0030497326600356189 -0.01718686828299992 -0.0078162501046161841 -0.0040785086808060077 -0.013525691394157801 0.0094382933821076567 0.020358143443492897 0.017055646696850946 0.012989089142391635 -0.015399421828818519 -0.0029862339349652203 0.020256979461655302 -0.016558351741855059 -0.015060955037566147 -0.014903426276601439 0.0045413439247353705 -0.00059741917639559005 0.017084818759074125 0.015907999636113643 -0.00065045437737622236 -0.018318082970749931 -0.00012659962499525409 0.015293690204779161 0.0048905807004782408 0.011176176874665352
leaf_weight=4.4000000655651084 4.4500000663101664 2.0500000305473796 1.050000015646219 1.5000000223517416 2.2500000335276118 1.9000000283122034 3.8500000573694697 1.3000000193715076 2.6000000387430187 4.5500000678002834 1.9500000290572641 2.1000000312924376 2.4000000357627873 1.8500000275671551 3.4000000506639481 1.0000000149011614 1.0000000149011614 1.2000000178813932 3.1000000461935997 2.9500000439584237 1.1000000163912771 1.7500000260770319 1.1500000171363352 2.6500000394880772 1.000000014901161 1.050000015646219 1.0500000156462195 1.1500000171363352 1.000000014901161 2.550000037997961
leaf_count=88 89 41 21 30 45 38 77 26 52 91 39 42 48 37 68 20 20 24 62 59 22 35 23 53 20 21 21 23 20 51
internal_value=0.00028419 0.00152386 0.0117984 0.000471296 -0.000173438 -0.00145308 9.3744e-05 -0.00489327 0.00362572 -0.000667341 -0.0066365 0.00607299 0.00758787 0.00275161 -0.00146635 -0.00554919 -0.0106491 0.00017589 -0.00794436 -0.00396933 -0.00962213 0.00910395 0.00774945 0.0105386 -0.0120474 -0.00817482 0.0129191 0.00793401 0.0134777 0.0153229
internal_weight=65.3 58.65 5.45 53.2 51.15 44.95 36.3 15.05 21.25 11.2 6.5 17.6 4.7 12.95 8.4 6.55 6.65 2.2 8.65 5.55 4.05 6.2 2.15 4.55 4.4 3.65 4.45 2.2 3.4 4.65
internal_count=1306 1173 109 1064 1023 899 726 301 425 224 130 352 94 259 168 131 133 44 173 111 81 124 43 91 88 73 89 44 68 93
is_linear=0
shrinkage=0.02


Tree=3
num_leaves=31
num_cat=0
split_feature=22 23 33 33 33 22 17 23 33 22 33 23 23 23 33 33 33 29 23 23 23 22 33 24 33 23 33 24 29 23
split_gain=2.13004 1.41853 1.6006 1.1759 1.36445 1.20867 0.968975 0.992744 1.64664 1.20501 1.11218 1.04491 1.56254 0.820537 0.697519 1.68252 0.684196 0.61772 0.603011 2.13731 0.587518 1.14968 0.727374 0.55097 0.46214 0.332541 0.310529 0.40733 0.278919 0.25962
threshold=0.063301816582679762 -0.040562704205512994 0.028641248121857647 0.0014489185414277019 0.068900387734174742 -0.033103203400969498 -0.56174489110708226 0.024704762734472755 0.013665702659636738 0.017432315275073055 0.050007978454232223 0.011585768312215807 0.00024510762887075549 0.023755882866680626 0.028043545782566074 0.045176353305578239 0.020350569859147075 0.96721056103706371 0.052534125745296485 0.059371326118707664 0.0037139020860195164 -0.040531968697905534 0.020837547257542614 0.00053767391364090155 0.020350569859147075 0.042494881898164756 0.026452817022800449 -6.5613679907983155e-05 1.0393804311752322 0.014238145668059589
decision_type=2 2 2 2 2 2 2 2 2 2 2 2 2 2 2 2 2 2 2 2 2 2 2 2 2 2 2 2 2 2
left_child=1 2 -1 -3 5 20 -7 10 -9 -10 11 12 26 17 24 28 -14 -2 -15 -20 21 -5 -23 29 25 -11 27 -8 -16 -6
right_child=13 3 -4 4 23 6 7 8 9 14 -12 -13 16 18 15 -17 -18 -19 19 -21 -22 22 -24 -25 -26 -27 -28 -29 -30 -31
leaf_value=0.016857139413426502 -0.0062494454905473356 0.016026906124655505 -0.010624853256825939 0.011067381584633659 0.017437531191544765 -0.012674340598594864 0.014664684718759976 -0.017085448324867948 -0.014765139923290043 -0.005114495305500997 -0.0064579036614611195 0.013495644250628411 0.0075696016126524015 -0.015504791963351632 -0.015725661414313714 0.0144399227172509 -0.010714894699455874 0.01321990314475658 0.01678193198966086 -0.016980465770058836 -0.014759735398930982 -0.014605358353682462 0.0044505183683800362 -0.00058547210672432845 0.01656896352792385 0.011000681398160173 0.020118140874532727 0.00060499602958565457 -0.0025518335021759027 0.007775325720244395
leaf_weight=4.4000000655651084 1.6000000238418572 1.9500000290572632 1.050000015646219 1.5000000223517416 2.2500000335276118 2.0500000305473796 1.7000000253319685 2.5500000379979602 1.6500000245869149 1.0000000149011596 3.0000000447034827 5.800000086426734 1.1000000163912771 4.85000007227063 1.8000000268220904 1.6500000245869157 3.2000000476837158 1.1000000163912771 1.2000000178813937 2.0000000298023224 3.1000000461935997 2.9500000439584237 1.1000000163912771 1.7500000260770319 2.0500000305473804 1.050000015646219 1.1000000163912771 1.6000000238418688 1.000000014901161 2.2000000327825546
leaf_count=88 32 39 21 30 45 41 34 51 33 20 60 116 22 97 36 33 64 22 24 40 62 59 22 35 41 21 22 32 20 44
internal_value=0.000278506 0.00188203 0.0115624 0.00080752 0.000178086 -0.00114576 0.000632369 0.00153415 -0.00271058 0.000883134 0.00462673 0.00692011 0.00253642 -0.00785843 0.00390298 -0.00158026 -0.00603747 0.00168251 -0.0110585 -0.00431957 -0.00778547 -0.00388994 -0.00942969 0.00892187 0.00985429 0.00313962 0.0109154 0.00784787 -0.0110207 0.0126607
internal_weight=65.3 54.55 5.45 49.1 47.15 40.95 32.3 30.25 12.75 10.2 17.5 14.5 8.7 10.75 8.55 4.45 4.3 2.7 8.05 3.2 8.65 5.55 4.05 6.2 4.1 2.05 4.4 3.3 2.8 4.45
internal_count=1306 1091 109 982 943 819 646 605 255 204 350 290 174 215 171 89 86 54 161 64 173 111 81 124 82 41 88 66 56 89
is_linear=0
shrinkage=0.02


Tree=4
num_leaves=31
num_cat=0
split_feature=22 23 33 33 33 22 23 33 33 33 33 23 23 23 23 23 23 22 33 24 33 23 33 33 33 33 22 23 33 24
split_gain=2.053 1.46154 1.53721 1.27943 1.43733 0.997272 1.31672 1.66367 1.43844 1.48571 1.26309 1.05331 0.89989 1.70922 0.718844 1.74202 0.564252 1.10415 0.698569 0.529151 0.461766 0.382933 0.376443 0.358228 0.955082 0.348393 0.249649 0.249339 0.313359 0.205258
threshold=0.073777232319116606 -0.040562704205512994 0.028641248121857647 0.0041142986156046399 0.068900387734174742 -0.033103203400969498 0.027233282104134563 0.015571346506476404 0.028220793232321743 0.045176353305578239 0.050007978454232223 0.03118238411843777 0.053565142676234252 0.059371326118707664 0.010762049816548826 0.0008607449708506466 0.0037139020860195164 -0.040531968697905534 0.020837547257542614 0.00053767391364090155 0.020837547257542614 0.024704762734472755 0.063340269029140486 0.03057403210550547 0.023246075026690963 0.013115734327584507 0.052274294197559364 0.014238145668059589 0.090005751699209227 -0.00029673300741706038
decision_type=2 2 2 2 2 2 2 2 2 2 2 2 2 2 2 2 2 2 2 2 2 2 2 2 2 2 2 2 2 2
left_child=1 2 -1 -3 5 16 10 -8 11 -10 14 -9 -2 -14 15 25 17 -5 -19 27 -17 23 -12 24 -16 -7 -13 -6 -29 -22
right_child=12 3 -4 4 19 6 7 8 9 -11 22 26 13 -15 21 20 -18 18 -20 -21 29 -23 -24 -25 -26 -27 -28 28 -30 -31
leaf_value=0.016519996176091165 -0.015431618862370749 0.013615390641757985 -0.010412355818450816 0.010846033779094107 0.017088781340587417 0.0020951852821531024 -0.016967007135411213 -0.010346045712440535 -0.013531271361767747 0.010259133584129091 -0.003679976529898816 0.016502596036802781 0.019516202516612347 -0.015887575980709345 0.014428766601849106 0.0042506145797578275 -0.014464540540018021 -0.014313250768871182 0.0043615062833149707 -0.00057376196551251867 -0.0052278852641684682 -0.00075877556067542845 -0.017792960239555022 0.015289930952671631 -0.0053597039675756667 0.013586573773245757 0.0046085745899591612 -0.00027957487257387464 0.014832310027957514 -0.01511433854173967
leaf_weight=4.4000000655651084 4.4500000663101664 2.8000000417232505 1.050000015646219 1.5000000223517416 2.2500000335276118 1.600000023841863 3.4500000514090052 1.0000000149011592 4.200000062584877 1.4000000208616254 2.7000000402331348 2.4000000357627873 1.0000000149011614 1.2000000178813932 2.5000000372529012 1.000000014901161 3.1000000461935997 2.9500000439584237 1.1000000163912771 1.7500000260770319 1.4000000208616259 1.3500000201165674 1.050000015646219 3.7000000551342964 1.6000000238418577 3.1000000461935997 1.000000014901161 1.0500000156462195 1.1500000171363352 2.1000000312924385
leaf_count=88 89 56 21 30 45 32 69 20 84 28 54 48 20 24 50 20 62 59 22 35 28 27 21 74 32 62 20 21 23 42
internal_value=0.000272936 0.00146705 0.0113312 0.000456529 -0.000274519 -0.00153948 -5.75973e-05 -0.00499152 -0.000859979 -0.00758367 0.00294518 0.00769745 -0.0102586 0.000205051 0.00510664 0.00115893 -0.00762976 -0.00381214 -0.00924109 0.00874343 -0.00773523 0.00907593 -0.00763161 0.0107781 0.00670644 0.00967461 0.0130044 0.0124075 0.00761982 -0.0111598
internal_weight=65.3 58.65 5.45 53.2 50.4 44.2 35.55 13.45 10 5.6 22.1 4.4 6.65 2.2 18.35 9.2 8.65 5.55 4.05 6.2 4.5 9.15 3.75 7.8 4.1 4.7 3.4 4.45 2.2 3.5
internal_count=1306 1173 109 1064 1008 884 711 269 200 112 442 88 133 44 367 184 173 111 81 124 90 183 75 156 82 94 68 89 44 70
is_linear=0
shrinkage=0.02


Tree=5
num_leaves=31
num_cat=0
split_feature=22 33 33 33 17 33 22 22 33 22 22 33 22 22 33 33 22 33 22 33 26 33 22 22 33 22 33 26 29 22
split_gain=1.82887 1.42443 1.40467 1.32621 1.08037 1.28675 1.37439 1.34988 1.06861 0.880675 0.697343 0.556525 0.555877 0.650759 0.495414 0.878942 0.464189 0.395041 1.09955 0.664797 0.307101 0.520204 0.415028 0.394589 0.34504 0.26727 0.267018 0.25227 0.232293 0.231858
threshold=-0.040816245600581162 0.021740362979471687 0.0041142986156046399 0.090005751699209227 0.81174489855766307 0.011758178006857635 0.063301816582679762 0.0081895976327359694 0.063340269029140486 0.02721294388175011 -0.006016453029587864 0.028641248121857647 -0.0030369287123903628 -0.034778052940964692 0.019963997416198257 0.016531012952327732 -0.0074885089416056863 0.036734813824296005 0.036386495456099517 0.04308269917964936 0.45514371991157537 0.014582981821149589 -0.020964777097105976 -0.03118904028087854 0.037117999047040946 0.073777232319116606 0.050583407282829292 0.58324655890464794 0.88348039984703075 0.0014009345322847369
decision_type=2 2 2 2 2 2 2 2 2 2 2 2 2 2 2 2 2 2 2 2 2 2 2 2 2 2 2 2 2 2
left_child=1 -1 29 4 12 16 7 10 11 26 20 -3 13 -4 15 -8 -6 18 -11 -19 21 -7 23 -23 -25 28 -9 -22 -16 -2
right_child=2 8 3 -5 5 6 14 9 -10 17 -12 -13 -14 -15 25 -17 -18 19 -20 -21 27 22 -24 24 -26 -27 -28 -29 -30 -31
leaf_value=0.016724681317779579 0.0039565234041732027 0.0040543876693772815 -0.012874243865521886 0.013919048262390234 -0.0040301676611577304 0.007009512826658632 -0.010108687160052842 0.017278695816302075 0.013975478798516405 -0.009938540582691573 -0.014661011670234184 -0.0099116016639530374 -0.01538132772849953 0.005765975514766832 -0.01188808834719525 0.0098493881738325063 -0.016599456744714518 -0.0069498636380713272 0.012487992927713038 0.0071208807820447141 0.0094959598422171762 -0.0090297467616276758 -0.013478547533612198 0.012003306344102212 -0.0039035956724942345 -0.014932509481470527 0.0058615161447324975 -0.00015452456326828882 0.00071364538527334323 0.015751209545862527
leaf_weight=4.1500000618398172 1.0000000149011605 2.1000000312924385 1.5500000230968001 1.9500000290572632 2.0000000298023224 1.5000000223517327 2.0500000305473791 2.8500000424683085 2.0000000298023224 1.1500000171363334 1.7000000253319836 2.500000037252903 3.8000000566244116 1.4500000216066835 1.2500000186264517 1.5500000230967996 2.8500000424683085 3.0500000454485416 3.6500000543892384 2.4000000357627869 1.5500000230967996 1.9500000290572552 2.0500000305473893 1.0000000149011614 1.2000000178813932 3.1000000461935997 1.1500000171363352 3.6000000536441803 1.1000000163912771 2.0000000298023224
leaf_count=83 20 42 31 39 40 30 41 57 40 23 34 50 76 29 25 31 57 61 73 48 31 39 41 20 24 62 23 72 22 40
internal_value=4.95659e-06 0.00754359 -0.00148339 -0.00225907 -0.00289639 -0.00171728 -0.000474485 0.00166191 0.00177063 0.00603719 -0.00262316 -0.00353582 -0.0103005 -0.0038648 -0.00727316 -0.00151563 -0.0114162 0.00293121 0.00711497 -0.000753573 -0.00103061 -0.00355919 -0.00611614 -0.00247928 0.00332681 -0.0110763 0.0139963 0.00274999 -0.0059894 0.0118196
internal_weight=65.2 10.75 54.45 51.45 49.5 42.7 37.85 28.8 6.6 14.25 14.55 4.6 6.8 3 9.05 3.6 4.85 10.25 4.8 5.45 12.85 7.7 6.2 4.15 2.2 5.45 4 5.15 2.35 3
internal_count=1304 215 1089 1029 990 854 757 576 132 285 291 92 136 60 181 72 97 205 96 109 257 154 124 83 44 109 80 103 47 60
is_linear=0
shrinkage=0.02


Tree=6
num_leaves=31
num_cat=0
split_feature=23 33 23 33 17 33 33 33 23 23 23 24 33 23 23 23 23 23 23 33 23 23 33 33 23 23 23 33 23 26
split_gain=1.58134 1.23399 1.09616 2.08651 1.33221 1.0858 1.45606 1.62104 1.35118 1.07714 1.0131 0.618895 0.60808 1.34334 0.793228 0.572116 0.716862 0.568814 0.546493 0.514725 0.79089 0.446014 0.435997 0.421765 1.91749 0.846291 0.38782 0.348954 0.335224 0.269821
threshold=0.023111302405595783 0.007959807291626932 -0.04111810773611068 0.028641248121857647 0.81174489855766307 0.015571346506476404 0.028220793232321743 0.043807635083794601 0.03378808684647084 0.040534803643822677 0.032808698713779456 -0.0016036226879805324 0.028641248121857647 0.00053871527779847394 0.0099106919951736944 0.0018148394301533701 -0.0025579849025234576 0.030721111223101619 -0.0015340087120421229 0.021740362979471687 0.020665962249040607 0.0059216958470642575 0.019560208544135097 0.047571606934070594 0.011585768312215807 0.0096679311245679873 0.0059216958470642575 0.017370432615280155 0.057013858109712608 0.5564250946044923
decision_type=2 2 2 2 2 2 2 2 2 2 2 2 2 2 2 2 2 2 2 2 2 2 2 2 2 2 2 2 2 2
left_child=1 18 3 -3 21 17 8 -8 22 10 -9 -6 14 -14 15 16 -13 -2 -1 20 -16 29 -7 24 -15 26 -25 -18 -10 -4
right_child=5 2 4 -5 11 6 7 9 28 -11 -12 12 13 23 19 -17 27 -19 -20 -21 -22 -23 -24 25 -26 -27 -28 -29 -30 -31
leaf_value=0.0032591768269707362 -0.0022608462064906409 0.016258213533232268 -0.0015497634414435467 -0.014146663944764444 0.012161916855003211 -0.014668098308124617 -0.012441667594548705 -0.00087986707795431965 0.016156025542926018 -0.0085956390350490439 0.019889059454102707 -0.0090198097559554199 0.016879159189841987 -0.012660469578050537 0.019417391726115448 -0.015804113413533563 0.014194635196748656 -0.016012650199336263 0.019482422945230081 -0.0069129697693441784 -0.002909731753838264 -0.017699246192486383 0.0032129185913068238 -0.0021886536282436763 0.014530911547318405 -0.011227898161041416 0.014841378929594459 -0.0017524685287561245 0.0030808993998745434 -0.011075222747473494
leaf_weight=1.3000000193715098 1.7500000260770345 4.2000000625848761 3.0500000454485443 1.1500000171363352 2.2000000327825573 1.2000000178813963 6.6500000990927202 2.100000031292439 3.1000000461935997 2.4500000365078449 1.7000000253319738 3.1500000469386573 2.6000000387430182 1.6000000238418559 1.5000000223517425 1.850000027567148 1.0500000156462217 3.8500000573694706 2.3000000342726699 1.000000014901161 1.1000000163912771 1.5000000223517416 1.000000014901161 1.1500000171363356 2.9500000439584255 2.6000000387430191 1.000000014901161 1.1500000171363352 1.050000015646219 1.9500000290572641
leaf_count=26 35 84 61 23 44 24 133 42 62 49 34 63 52 32 30 37 21 77 46 20 22 30 20 23 59 52 20 23 21 39
internal_value=4.85752e-06 0.00244919 0.00135451 0.00972259 -7.12593e-05 -0.00396411 -0.00170924 -0.00556843 0.00613068 0.0017447 0.00841149 0.00203353 0.00105192 0.00417035 -0.00238413 -0.0062168 -0.00290156 -0.0117152 0.013624 0.00528123 0.0099713 -0.0081342 -0.00654036 0.000617347 0.00496911 -0.00355118 0.00573229 0.00585865 0.0128479 -0.00526469
internal_weight=65.2 40.35 36.75 5.35 31.4 24.85 19.25 12.9 6.35 6.25 3.8 24.9 22.7 11.9 10.8 7.2 5.35 5.6 3.6 3.6 2.6 6.5 2.2 9.3 4.55 4.75 2.15 2.2 4.15 5
internal_count=1304 807 735 107 628 497 385 258 127 125 76 498 454 238 216 144 107 112 72 72 52 130 44 186 91 95 43 44 83 100
is_linear=0
shrinkage=0.02


Tree=7
num_leaves=31
num_cat=0
split_feature=22 33 33 33 18 22 33 33 23 22 17 23 22 23 33 22 22 23 22 23 22 23 33 33 33 23 23 29 22 29
split_gain=1.69684 1.3276 1.3006 1.24106 1.02622 1.09031 1.0052 0.894844 1.05724 1.19237 0.677191 0.869531 1.572 1.27136 1.1511 1.08126 0.925839 0.91542 0.624991 0.585016 0.822473 0.530601 0.869129 0.472298 0.439516 1.02491 0.421146 0.359611 0.381675 0.318602
threshold=-0.040816245600581162 0.021740362979471687 0.0041142986156046399 0.090005751699209227 0.42634408175945288 0.082432776689529433 0.063340269029140486 0.011758178006857635 0.049932856112718589 0.073777232319116606 0.81174489855766307 0.027233282104134563 0.0081895976327359694 0.0008607449708506466 0.026183712296187881 0.049032650887966163 -0.033103203400969498 0.018803926184773449 0.018905534408986572 0.025262512266635898 -0.02869243640452623 0.00053871527779847394 0.028641248121857647 0.044796606525778777 0.028806438669562343 0.040011994540691383 0.056476969271898277 1.6365449428558352 0.060860939323902137 1.0393804311752322
decision_type=2 2 2 2 2 2 2 2 2 2 2 2 2 2 2 2 2 2 2 2 2 2 2 2 2 2 2 2 2 2
left_child=1 -1 -2 4 -4 7 21 19 9 10 -9 12 13 14 16 18 -12 -15 -13 20 -6 22 -3 -19 29 -26 -10 28 -14 -20
right_child=2 6 3 -5 5 -7 -8 8 26 -11 11 15 27 17 -16 -17 -18 23 24 -21 -22 -23 -24 -25 25 -27 -28 -29 -30 -31
leaf_value=0.016129710240039851 0.01137188000422895 0.01236581977656751 -0.012311243827473464 0.013474891764414319 -0.01338298123160375 -0.012643984069764851 0.013530057057290412 -0.009542295384183188 0.017518252825299438 -0.015967206009220986 -0.01329300043188885 -0.014107016814492728 0.016025306871479451 -0.0116204825978615 0.017812016583488178 -0.017055143488885097 0.008527760676625926 0.0084951795548134576 0.0015045234336775015 -0.016609023396370784 0.0098365372119776865 -0.011925563286857352 -0.0099767881749934281 -0.0084857063221081084 0.0073721233614749858 -0.015157331300417604 0.0022221722619408515 0.00066386323674723607 0.00510229223129523 0.015031975799551726
leaf_weight=4.1500000618398172 3.0000000447034827 1.500000022351742 4.1500000618398181 1.9500000290572632 1.3000000193715098 3.5000000521540633 2.0000000298023224 2.7500000409781924 1.8000000268220895 2.0000000298023215 1.4000000208616259 1.1500000171363334 4.1500000618398181 4.7500000707805157 2.1500000320374966 2.0500000305473804 1.7500000260770372 1.9000000283122065 1.500000022351742 2.2500000335276127 1.1500000171363343 1.8000000268220899 1.3000000193715093 1.000000014901161 1.7500000260770323 1.5000000223517416 1.2000000178813932 1.2000000178813932 1.850000027567148 1.3000000193715093
leaf_count=83 60 30 83 39 26 70 40 55 36 40 28 23 83 95 43 41 35 38 30 45 23 36 26 20 35 30 24 24 37 26
internal_value=4.76028e-06 0.00726617 -0.00142885 -0.00217525 -0.00279177 -0.00192064 0.00169288 -0.00102382 1.63972e-05 -0.000983611 -5.15053e-05 0.000836239 0.00316665 -0.000998683 0.00653004 -0.00424027 -0.00117036 -0.00621466 -0.000591597 -0.00924599 -0.00248402 -0.00345372 0.00199247 0.0026397 0.00197745 -0.00302609 0.0113998 0.0106585 0.0126574 0.00778513
internal_weight=65.2 10.75 54.45 51.45 49.5 45.35 6.6 41.85 37.15 34.15 32.15 29.4 20.15 12.95 5.3 9.25 3.15 7.65 7.2 4.7 2.45 4.6 2.8 2.9 6.05 3.25 3 7.2 6 2.8
internal_count=1304 215 1089 1029 990 907 132 837 743 683 643 588 403 259 106 185 63 153 144 94 49 92 56 58 121 65 60 144 120 56
is_linear=0
shrinkage=0.02


Tree=8
num_leaves=31
num_cat=0
split_feature=33 33 33 17 33 17 29 33 33 25 28 33 26 29 28 26 33 33 33 29 26 33 33 26 33 33 33 33 29 25
split_gain=0.975599 0.949852 0.555928 1.28188 0.802515 0.419061 0.414668 0.35374 0.33854 0.417864 0.300392 0.532251 0.316408 0.289961 0.425258 0.285464 0.275809 0.322541 0.498192 0.27039 0.208184 0.200389 0.194349 0.186105 0.181811 0.272345 0.26605 0.176809 0.16601 0.162383
threshold=0.0041142986156046399 0.090005751699209227 0.028043545782566074 0.81174489855766307 0.012985543347895147 0.81174489855766307 1.2885199189186098 0.007959807291626932 0.069543201476335539 0.001229607383720577 -0.46034848690032953 0.014446793589740993 0.16075834631919864 0.66887456178665172 -0.79314759373664845 0.10813708975911142 0.058246636763215072 0.04239840246737004 0.050007978454232223 2.3146603107452397 0.56420797109603893 0.053574608638882644 0.0081682982854545134 0.70284259319305431 0.025988194160163406 0.020837547257542614 0.016842226497828964 0.011758178006857635 0.90518352389335643 0.0035353043349459772
decision_type=2 2 2 2 2 2 2 2 2 2 2 2 2 2 2 2 2 2 2 2 2 2 2 2 2 2 2 2 2 2
left_child=20 2 4 -4 5 22 10 -7 13 -10 -6 -12 15 -5 -15 -13 17 29 -19 -8 -1 -20 -2 24 25 26 -14 -9 -24 -16
right_child=1 -3 3 8 6 7 19 27 9 -11 11 12 23 14 16 -17 -18 18 21 -21 -22 -23 28 -25 -26 -27 -28 -29 -30 -31
leaf_value=0.015597196031510035 -0.0044672275626859584 0.013205393226096901 -0.013180209517631918 -0.0063049684668322484 0.0073363188882864718 0.0021016278742059242 0.012248951327855591 -0.010843954582547943 0.0141199679803853 -0.00055188193772231792 0.010398125775468238 -0.0014867158012581495 -0.0079357734630141653 0.011144815693398698 -0.0019019663253214661 0.011070538413325011 -0.008114768184630982 0.010101373882127387 -0.0091473358590214056 0.0013831683124957558 0.004910587118408272 0.0025570845222907569 0.011920685366977955 0.0031185347122172293 0.0032598348824349637 -0.011376936022332718 0.0025150842217343404 -0.0028190790690122169 0.00039643316870282305 -0.010310145278407659
leaf_weight=1.7500000260770314 1.0500000156462195 1.9500000290572632 4.2000000625848797 5.1500000767409864 3.1000000461936041 1.5500000230968014 2.8500000424683085 4.1000000610947609 1.2000000178813928 2.2000000327825546 1.8500000275671489 1.5000000223517411 1.9000000283122047 1.1000000163912869 7.3500001095235259 1.4000000208616254 2.3000000342726699 2.3500000350177279 1.1000000163912775 1.3500000201165674 1.2500000186264513 1.2500000186264513 1.0000000149011614 1.6000000238418577 1.050000015646219 2.2000000327825546 2.0000000298023224 1.5000000223517416 1.000000014901161 1.050000015646219
leaf_count=35 21 39 84 103 62 31 57 82 24 44 37 30 38 22 147 28 46 47 22 27 25 25 20 32 21 44 40 30 20 21
internal_value=4.66518e-06 -0.000532623 -0.000977256 -0.00295504 0.000888878 -0.00370635 0.00314231 -0.00635403 -0.00124064 0.00462642 0.00172188 0.00043264 -0.00114986 -0.00216203 -0.000868925 0.00457541 -0.00172705 -0.000605541 0.0035899 0.00875638 0.0111444 -0.00292158 0.0025005 -0.00304738 -0.00442717 -0.00575034 -0.00257636 -0.00869443 0.00615856 -0.00295299
internal_weight=65.2 62.2 60.25 29.25 31 10.2 20.8 7.15 25.05 3.4 16.6 13.5 11.65 21.65 16.5 2.9 15.4 13.1 4.7 4.2 3 2.35 3.05 8.75 7.15 6.1 3.9 5.6 2 8.4
internal_count=1304 1244 1205 585 620 204 416 143 501 68 332 270 233 433 330 58 308 262 94 84 60 47 61 175 143 122 78 112 40 168
is_linear=0
shrinkage=0.02


Tree=9
num_leaves=31
num_cat=0
split_feature=22 33 33 33 33 17 23 22 33 33 23 22 22 23 22 23 33 22 22 22 22 23 33 33 25 22 33 25 22 33
split_gain=1.61974 1.25929 1.20429 1.14855 0.948753 0.936253 1.13001 1.20259 1.06611 1.39341 1.45073 1.16209 0.78522 0.618575 0.615161 0.508617 0.813753 0.499034 0.619381 0.458458 0.719409 0.971413 0.803062 0.652004 0.432891 0.406861 0.339188 0.26338 0.220999 0.208861
threshold=-0.040816245600581162 0.021740362979471687 0.0041142986156046399 0.090005751699209227 0.063340269029140486 0.81174489855766307 0.023111302405595783 0.0081895976327359694 0.012985543347895147 0.028220793232321743 0.03378808684647084 0.038106121122837074 0.023091224953532222 0.058130923658609397 0.063301816582679762 0.00053871527779847394 0.028641248121857647 -0.0030369287123903628 -0.034778052940964692 -0.01347721880301833 -0.02869243640452623 0.0027246059617027645 0.020350569859147075 0.039116054773330695 0.0022625562269240622 0.029060316272079948 0.028220793232321743 0.0030388248851522808 0.0014009345322847369 0.04647850617766381
decision_type=2 2 2 2 2 2 2 2 2 2 2 2 2 2 2 2 2 2 2 2 2 2 2 2 2 2 2 2 2 2
left_child=1 -1 28 5 15 17 7 19 -8 10 25 12 -11 -12 29 16 -3 18 -4 20 23 -22 -23 -7 -14 -10 -16 -13 -2 -9
right_child=2 4 3 -5 -6 6 8 14 9 11 13 27 24 -15 26 -17 -18 -19 -20 -21 21 22 -24 -25 -26 -27 -28 -29 -30 -31
leaf_value=0.015731591362241868 0.0032447584980017158 0.012040714988499148 -0.012291796658766983 0.012941285354697503 0.013171124746335668 -0.0087717950838225641 -0.015143302035286955 0.01561439096345737 0.0022126164443530532 -0.011861084360328691 0.014929895348827181 -0.015425346810241337 0.011179933090998039 -0.0029061407907882194 -0.0084177807209226269 -0.011623385416781783 -0.0095784081581472072 -0.014414068743690609 0.0058934733934902237 -0.010611567801848994 0.015072086585178317 0.0083924282747310768 -0.0099147677397926088 0.0059040608754510164 -0.0027391736297929228 -0.013016654770987074 0.0080549302241961548 -0.0051185644698356885 0.014759950939417611 0.0051988810271191401
leaf_weight=4.1500000618398172 1.0000000149011605 1.500000022351742 1.5500000230968001 1.9500000290572632 2.0000000298023224 4.5500000678002825 3.3500000499188927 3.3500000499188891 1.1500000171363383 1.650000024586914 3.5000000521540642 4.8000000715255737 1.9500000290572646 1.000000014901161 1.0000000149011614 1.8000000268220899 1.3000000193715093 3.8000000566244116 1.4500000216066835 1.9000000283122069 2.3000000342726716 1.8000000268220904 2.0500000305473804 1.6500000245869157 1.6500000245869157 1.8000000268220899 1.000000014901161 1.2500000186264513 2.0000000298023224 1.000000014901161
leaf_count=83 20 30 31 39 40 91 67 67 23 33 70 96 39 20 20 36 26 76 29 38 46 36 41 33 33 36 20 25 40 20
internal_value=4.57185e-06 0.00709911 -0.00139609 -0.00211432 0.00167111 -0.00270742 -0.00160977 0.00176015 -0.00475097 -0.00289421 0.00382054 -0.00732119 -0.000436106 0.0109663 0.00899909 -0.0033289 0.00200326 -0.00960003 -0.00350225 -0.00146562 -5.85483e-05 0.00478811 -0.00135556 -0.00486612 0.00480034 -0.00707982 -0.000181425 -0.0132958 0.0109216 0.01322
internal_weight=65.2 10.75 54.45 51.45 6.6 49.5 42.7 20.6 22.1 18.75 7.45 11.3 5.25 4.5 6.35 4.6 2.8 6.8 3 14.25 12.35 6.15 3.85 6.2 3.6 2.95 2 6.05 3 4.35
internal_count=1304 215 1089 1029 132 990 854 412 442 375 149 226 105 90 127 92 56 136 60 285 247 123 77 124 72 59 40 121 60 87
is_linear=0
shrinkage=0.02


Tree=10
num_leaves=31
num_cat=0
split_feature=22 22 22 33 33 33 33 18 33 33 22 22 22 29 29 33 22 33 33 33 33 25 24 26 29 22 26 22 22 22
split_gain=1.91267 1.07989 1.33682 1.04067 0.873305 0.846005 0.782428 0.959029 0.760285 0.991995 0.907705 1.00852 0.882022 0.546306 0.549126 0.53342 0.474359 0.419013 0.608857 0.406403 0.344473 0.335231 0.331539 0.314087 0.299046 0.236935 0.209255 0.194076 0.187844 0.167015
threshold=0.063301816582679762 -0.040816245600581162 -0.031594581902027123 0.021316903643310074 0.065264597535133376 0.090005751699209227 0.0014489185414277019 0.49193547666072851 0.012985543347895147 0.017558026127517227 0.016447888687253002 -0.021830586716532704 -0.01158792059868574 0.98777613043785106 1.769022583961487 0.023367165587842468 -0.045227775350213044 0.036734813824296005 0.04239840246737004 0.034320488572120673 0.021518467925488952 0.0028639838565140967 -0.000327867004671134 0.61343851685523998 1.2074024677276614 -0.022830395959317681 0.53043615818023693 0.025096934288740162 0.081377185881137862 0.067299757152795806
decision_type=2 2 2 2 2 2 2 2 2 2 2 2 2 2 2 2 2 2 2 2 2 2 2 2 2 2 2 2 2 2
left_child=1 3 15 -1 16 6 -4 21 12 -10 11 19 25 28 23 24 26 20 -19 -11 -12 -8 -13 -15 -3 -9 -5 -20 29 -2
right_child=13 2 5 4 -6 -7 7 8 9 10 17 22 -14 14 -16 -17 -18 18 27 -21 -22 -23 -24 -25 -26 -27 -28 -29 -30 -31
leaf_value=0.014921687466418896 -0.014322886861061219 -0.016329188504328775 0.01371063263081136 -0.011961300620587581 0.013639498238361587 0.013893123708985902 -0.013273428044726142 -0.0038370361068576818 0.012468785444820649 0.012732701931406519 8.0794568916965336e-05 -0.0018216906734789932 -0.015435300672882898 -0.0028603366065246085 -0.014200066439309709 -0.0016939285563392782 0.0055640995099103911 -0.0047632265824716288 -0.00057301412075330498 -0.0011205489269810573 0.013081004311143575 0.00028225078758223646 -0.011191800036064868 0.010037512020661268 -0.0036458851598816311 0.0097657084499938925 -0.00082924906622044037 0.0091273689580671797 -0.015544036890123016 -0.0053183901179738972
leaf_weight=4.1000000610947591 1.300000019371508 2.900000043213367 1.750000026077031 1.7500000260770319 1.850000027567148 2.0500000305473796 2.7000000402331348 1.0500000156462195 3.4500000514090088 1.6000000238418581 1.1000000163912753 2.3000000342726707 2.2000000327825573 2.2000000327825551 1.2000000178813932 2.8500000424683094 1.7500000260770323 3.2000000476837158 1.1000000163912771 1.8000000268220899 3.1500000469386578 1.000000014901161 4.400000065565111 1.1500000171363352 1.000000014901161 1.000000014901161 1.1000000163912771 3.3000000491738319 2.8000000417232513 2.2500000335276127
leaf_count=82 26 58 35 35 37 41 54 21 69 32 22 46 44 44 24 57 35 64 22 36 63 20 88 23 20 20 22 66 56 45
internal_value=-0.000233273 0.00129761 -8.31438e-05 0.0070431 0.00203501 0.00140453 0.000675137 -8.88441e-06 0.0011892 0.00249923 0.000932266 -0.00347312 -0.0066402 -0.00788065 -0.00259114 -0.00827085 -0.00263202 0.00468706 0.00187469 0.00539863 0.00971624 -0.00960973 -0.0079752 0.00156728 -0.0130771 0.00279845 -0.00766472 0.00670227 -0.0116708 -0.00861581
internal_weight=65.35 54.45 43.9 10.55 6.45 37.15 35.1 33.35 29.65 25.4 21.95 10.1 4.25 10.9 4.55 6.75 4.6 11.85 7.6 3.4 4.25 3.7 6.7 3.35 3.9 2.05 2.85 4.4 6.35 3.55
internal_count=1307 1089 878 211 129 743 702 667 593 508 439 202 85 218 91 135 92 237 152 68 85 74 134 67 78 41 57 88 127 71
is_linear=0
shrinkage=0.02


Tree=11
num_leaves=31
num_cat=0
split_feature=22 22 22 23 23 17 22 23 23 23 23 23 23 29 29 29 22 22 22 23 23 23 25 29 23 23 23 29 23 23
split_gain=1.83693 1.03713 1.28388 1.05001 0.601397 0.667555 0.728367 1.59525 0.877594 0.703003 0.534055 0.47518 1.90545 0.465351 0.41384 0.397576 0.361838 0.34592 0.870118 0.328061 0.577659 0.363806 0.362314 0.306876 0.24474 0.335179 0.331678 0.296391 0.222386 0.499104
threshold=0.063301816582679762 -0.040816245600581162 -0.031594581902027123 0.0020484740380197768 -0.0094329933635890467 0.81174489855766307 0.010429329704493286 0.040011994540691383 0.024320933967828754 0.049213960766792304 0.02250739932060242 0.052534125745296485 0.059371326118707664 1.0462212562561037 0.98777613043785106 1.6774675250053408 -0.048147473484277718 0.040967755019664771 0.047664828598499305 0.018642781302332882 0.0010787342907860877 -0.0039274585433304301 0.0020443322136998181 0.86786979436874401 0.013360190670937301 0.03244051709771157 0.027029895223677162 1.2184063792228701 -0.047122461721301072 -0.053129686042666428
decision_type=2 2 2 2 2 2 2 2 2 2 2 2 2 2 2 2 2 2 2 2 2 2 2 2 2 2 2 2 2 2
left_child=1 3 15 28 -4 13 8 24 19 17 14 -12 -13 -6 -2 -3 -5 -9 -19 20 21 -7 -22 -21 -8 26 27 -26 29 -1
right_child=10 2 4 16 5 6 7 9 -10 -11 11 12 -14 -15 -16 -17 -18 18 -20 23 22 -23 -24 -25 25 -27 -28 -29 -30 -31
leaf_value=0.017756351022124459 -0.0082018605142554525 -0.010129635260816753 0.013371186597329578 0.0071706631456216613 -0.0087685979982275904 -0.0025116911156223519 0.018486795705347173 -0.015559335963537257 -0.013786246533896826 0.0055323094497276909 -0.013677821821501641 0.015577850824924529 -0.015344478062893501 0.0031165598574322785 0.0093901927600901769 0.0035337370852569151 -0.007391405341988927 0.0087043217315625806 -0.01388924692239492 0.015382268298929887 -0.0088311410337303629 0.011615353692200601 0.0033655697047321963 0.00026617781285812086 0.011022798003779307 0.013855606182013426 -0.0021678213307922581 -0.001214652713914919 0.013962690428108783 0.00098396299803312067
leaf_weight=1.1000000163912775 1.0000000149011605 5.750000085681676 1.6000000238418568 1.0000000149011614 4.3000000640749922 1.2500000186264517 1.1000000163912798 1.5000000223517407 2.0000000298023215 2.500000037252903 5.3000000789761526 1.2500000186264517 2.2000000327825546 1.900000028312206 1.1500000171363352 1.000000014901161 2.1500000320374966 1.2500000186264517 1.5000000223517416 1.0500000156462195 3.5000000521540642 1.7500000260770336 1.3500000201165674 1.1000000163912771 3.8000000566244108 3.1500000469386578 1.5500000230967996 1.000000014901161 4.3000000640749914 2.0000000298023224
leaf_count=22 20 115 32 20 86 25 22 30 40 50 106 25 44 38 23 20 43 25 30 21 70 35 27 22 76 63 31 20 86 40
internal_value=-0.000228608 0.00127165 -8.1481e-05 0.00690224 0.00137644 0.000836589 0.00209623 0.00471647 -0.00169221 -0.00288321 -0.00772304 -0.00991749 -0.00414074 -0.00512637 0.00120784 -0.00810543 -0.00276853 -0.00783352 -0.00361944 0.000726596 -0.0011692 0.00572909 -0.00543618 0.00764845 0.0095559 0.00852179 0.00587588 0.00847333 0.0110188 0.00693546
internal_weight=65.35 54.45 43.9 10.55 37.15 35.55 29.35 17.35 12 6.75 10.9 8.75 3.45 6.2 2.15 6.75 3.15 4.25 2.75 10 7.85 3 4.85 2.15 10.6 9.5 6.35 4.8 7.4 3.1
internal_count=1307 1089 878 211 743 711 587 347 240 135 218 175 69 124 43 135 63 85 55 200 157 60 97 43 212 190 127 96 148 62
is_linear=0
shrinkage=0.02


Tree=12
num_leaves=31
num_cat=0
split_feature=22 22 22 23 33 33 23 33 33 23 23 23 33 33 23 33 25 23 22 22 33 23 23 33 23 23 23 25 23 29
split_gain=1.77289 1.10383 1.12304 1.00843 1.1059 0.861775 0.995682 2.23457 1.31336 0.886132 0.736852 1.37297 0.719875 1.04016 0.70391 0.928314 0.807624 0.854632 0.771437 0.601728 0.557477 0.727149 0.54978 0.511112 1.36361 0.327876 0.305935 0.284838 0.256563 0.211539
threshold=0.073777232319116606 -0.040816245600581162 -0.031594581902027123 0.0020484740380197768 0.065264597535133376 0.090005751699209227 0.027233282104134563 0.049680843949317939 0.015343948733061554 0.03244051709771157 0.053565142676234252 0.059371326118707664 0.028043545782566074 0.045176353305578239 0.016685310751199726 0.021518467925488952 0.0026934308698400859 -0.00043076361180283124 0.016447888687253002 0.020636497996747497 0.025807206518948082 -0.047122461721301072 -0.0039274585433304301 0.023367165587842468 0.00053871527779847394 0.052534125745296485 0.0096679311245679873 0.0023569345939904456 0.024704762734472755 1.058176636695862
decision_type=2 2 2 2 2 2 2 2 2 2 2 2 2 2 2 2 2 2 2 2 2 2 2 2 2 2 2 2 2 2
left_child=1 3 23 20 -5 6 7 14 -8 -10 -2 -12 25 29 15 22 17 -17 -19 26 -1 -22 -4 27 -25 -11 -9 -3 -16 -14
right_child=10 2 5 4 -6 -7 8 19 9 12 11 -13 13 -15 28 16 -18 18 -20 -21 21 -23 -24 24 -26 -27 -28 -29 -30 -31
leaf_value=0.014838587907995963 -0.01458479048268147 -0.015821892532380033 -0.00016022558484422495 -0.012647034683767081 0.011423517192205869 0.013498402312966928 -0.01439319333583053 -0.0058687326798096615 -0.0096000893970317261 0.016151005312563912 0.016290155236143945 -0.014203113878499526 -0.013004968222257314 0.010954724269605988 0.01374277131801265 0.011188829929886736 0.011510688712120363 -0.014158770065458385 0.002722439987261854 0.0055411943251426109 -0.010038939862863113 0.011701505643106907 0.013182338361350458 0.012088167384494546 -0.015584450195748558 0.0019368414292210111 -0.015928347200638605 -0.0034435550355381484 0.003012861266540566 -0.0015877245129983931
leaf_weight=4.800000071525572 4.5000000670552245 2.900000043213367 1.7500000260770319 1.8500000275671484 1.3000000193715093 2.0500000305473796 3.6500000543892375 2.3000000342726699 3.0000000447034818 1.8500000275671484 1.0500000156462195 1.3500000201165674 1.8500000275671484 1.6500000245869157 4.7000000700354567 1.1000000163912744 1.5500000230967996 3.1500000469386604 1.6500000245869157 1.050000015646219 1.0000000149011614 1.6000000238418577 4.2000000625848823 1.450000021606684 1.4000000208616254 1.000000014901161 2.550000037997961 1.000000014901161 1.1000000163912771 1.000000014901161
leaf_count=96 90 58 35 37 26 41 73 46 60 37 21 27 37 33 94 22 31 63 33 21 20 32 84 29 28 20 51 20 22 20
internal_value=-0.000224036 0.000907791 -0.000382085 0.00676419 -0.00271316 0.000858215 0.000195494 0.00257907 -0.00407792 -0.000440163 -0.00981175 -0.000862309 0.00329858 -0.00168258 0.00588707 0.00336766 -0.00133675 -0.00471193 -0.00835585 -0.00818595 0.0107985 0.0033398 0.00925805 -0.00794332 -0.0015054 0.0111636 -0.0111578 -0.012648 0.0117078 -0.00899892
internal_weight=65.35 58.45 47.9 10.55 3.15 41.15 39.1 25.1 14 10.35 6.9 2.4 7.35 4.5 19.2 13.4 7.45 5.9 4.8 5.9 7.4 2.6 5.95 6.75 2.85 2.85 4.85 3.9 5.8 2.85
internal_count=1307 1169 958 211 63 823 782 502 280 207 138 48 147 90 384 268 149 118 96 118 148 52 119 135 57 57 97 78 116 57
is_linear=0
shrinkage=0.02


Tree=13
num_leaves=31
num_cat=0
split_feature=22 22 22 23 33 33 33 17 33 33 22 23 22 22 23 23 23 33 33 23 33 23 23 23 23 29 26 29 29 25
split_gain=1.71195 0.945637 1.19625 0.968495 1.06211 0.762591 0.692058 1.10027 0.816363 0.894849 0.789018 1.54688 0.777932 0.6808 0.658463 0.6472 1.52019 0.574751 0.535401 0.698354 0.490872 1.30962 0.488212 0.396675 1.84617 0.394431 0.27516 0.478498 0.274967 0.251231
threshold=0.062313439324498184 -0.040816245600581162 -0.031594581902027123 0.0020484740380197768 0.065264597535133376 0.090005751699209227 0.0014489185414277019 0.81174489855766307 0.013236025348305704 0.017711561173200611 0.0099850068800151365 -0.00043076361180283124 -0.0030369287123903628 -0.0074885089416056863 0.02250739932060242 0.040011994540691383 0.049213960766792304 0.037117999047040946 0.025807206518948082 -0.047122461721301072 0.023367165587842468 0.00053871527779847394 0.0083539979532361048 0.052534125745296485 0.059371326118707664 0.96721056103706371 0.29837283492088323 0.91915518045425426 1.2074024677276614 0.0027160281315445904
decision_type=2 2 2 2 2 2 2 2 2 2 2 2 2 2 2 2 2 2 2 2 2 2 2 2 2 2 2 2 2 2
left_child=1 3 20 18 -5 6 -4 12 13 -10 11 -11 -8 22 25 26 17 -17 -1 -20 28 -22 -9 -16 -25 -2 27 -12 -3 -28
right_child=14 2 5 4 -6 -7 7 8 9 10 15 -13 -14 -15 23 16 -18 -19 19 -21 21 -23 -24 24 -26 -27 29 -29 -30 -31
leaf_value=0.014541816261905191 -0.0068101432046627636 -0.015513453093124801 0.013120216593108037 -0.012394093920016008 0.011195046975594741 0.013228434308866973 0.0065588586674735876 -0.0075844472385776865 0.01331599968200921 0.013027856969337719 0.010943019107833223 -0.0077002024993270239 -0.011915608876710997 -0.015327219985647251 -0.013224952631037101 0.0023634592836579756 0.015021931007177657 -0.016455966432001631 -0.0098381605768477695 0.01146747555259651 0.011846403909374038 -0.015272761068366825 0.011337019855722479 0.014999638393526683 -0.015083809828206871 0.009817474397756534 0.0074681633443158613 -0.0073710249614207992 -0.0033514891065435214 0.016357392119687834
leaf_weight=4.800000071525572 1.0500000156462186 2.900000043213367 1.7000000253319729 1.8500000275671484 1.3000000193715093 2.0500000305473796 1.1500000171363352 1.2000000178813937 3.0000000447034862 1.850000027567148 1.2500000186264499 6.5000000968575495 4.4000000655651084 1.9000000283122087 5.3500000797212106 1.0000000149011614 1.5000000223517416 1.850000027567148 1.0000000149011614 1.6000000238418577 1.450000021606684 1.4000000208616254 1.000000014901161 1.2500000186264517 2.3500000350177288 1.2500000186264513 3.35000004991889 1.050000015646219 1.000000014901161 2.0500000305473804
leaf_count=96 21 58 34 37 26 41 23 24 60 37 25 130 88 38 107 20 30 37 20 32 29 28 20 25 47 25 67 21 20 41
internal_value=-0.000219555 0.0012566 -4.485e-05 0.00662891 -0.00265889 0.00137478 0.000675499 3.5377e-05 0.00167473 0.00311715 0.00161732 -0.00310776 -0.00808757 -0.00655757 -0.0073182 0.00489154 -0.00127521 -0.00985266 0.0105825 0.003273 -0.00778446 -0.00147529 0.00101622 -0.00977105 -0.00463817 0.00222661 0.00837535 0.00258226 -0.012395 0.0108428
internal_weight=65.35 54.1 43.55 10.55 3.15 36.8 34.75 33.05 27.5 23.4 20.4 8.35 5.55 4.1 11.25 12.05 4.35 2.85 7.4 2.6 6.75 2.85 2.2 8.95 3.6 2.3 7.7 2.3 3.9 5.4
internal_count=1307 1082 871 211 63 736 695 661 550 468 408 167 111 82 225 241 87 57 148 52 135 57 44 179 72 46 154 46 78 108
is_linear=0
shrinkage=0.02


end of trees

feature_importances:
Column_33=147
Column_23=118
Column_22=86
Column_29=23
Column_25=13
Column_26=10
Column_17=9
Column_24=9
Column_18=3
Column_28=2

parameters:
[boosting: gbdt]
[objective: regression]
[metric: rmse]
[tree_learner: serial]
[device_type: cpu]
[data_sample_strategy: bagging]
[data: ]
[valid: ]
[num_iterations: 500]
[learning_rate: 0.02]
[num_leaves: 31]
[num_threads: 0]
[seed: 42]
[deterministic: 0]
[force_col_wise: 0]
[force_row_wise: 0]
[histogram_pool_size: -1]
[max_depth: -1]
[min_data_in_leaf: 20]
[min_sum_hessian_in_leaf: 0.001]
[bagging_fraction: 0.8]
[pos_bagging_fraction: 1]
[neg_bagging_fraction: 1]
[bagging_freq: 5]
[bagging_seed: 400]
[bagging_by_query: 0]
[feature_fraction: 0.8]
[feature_fraction_bynode: 1]
[feature_fraction_seed: 30056]
[extra_trees: 0]
[extra_seed: 12879]
[early_stopping_round: 0]
[early_stopping_min_delta: 0]
[first_metric_only: 0]
[max_delta_step: 0]
[lambda_l1: 0]
[lambda_l2: 0]
[linear_lambda: 0]
[min_gain_to_split: 0]
[drop_rate: 0.1]
[max_drop: 50]
[skip_drop: 0.5]
[xgboost_dart_mode: 0]
[uniform_drop: 0]
[drop_seed: 17869]
[top_rate: 0.2]
[other_rate: 0.1]
[min_data_per_group: 100]
[max_cat_threshold: 32]
[cat_l2: 10]
[cat_smooth: 10]
[max_cat_to_onehot: 4]
[top_k: 20]
[monotone_constraints: ]
[monotone_constraints_method: basic]
[monotone_penalty: 0]
[feature_contri: ]
[forcedsplits_filename: ]
[refit_decay_rate: 0.9]
[cegb_tradeoff: 1]
[cegb_penalty_split: 0]
[cegb_penalty_feature_lazy: ]
[cegb_penalty_feature_coupled: ]
[path_smooth: 0]
[interaction_constraints: ]
[verbosity: -1]
[saved_feature_importance_type: 0]
[use_quantized_grad: 0]
[num_grad_quant_bins: 4]
[quant_train_renew_leaf: 0]
[stochastic_rounding: 1]
[linear_tree: 0]
[max_bin: 255]
[max_bin_by_feature: ]
[min_data_in_bin: 3]
[bin_construct_sample_cnt: 200000]
[data_random_seed: 175]
[is_enable_sparse: 1]
[enable_bundle: 1]
[use_missing: 1]
[zero_as_missing: 0]
[feature_pre_filter: 1]
[pre_partition: 0]
[two_round: 0]
[header: 0]
[label_column: ]
[weight_column: ]
[group_column: ]
[ignore_column: ]
[categorical_feature: ]
[forcedbins_filename: ]
[precise_float_parser: 0]
[parser_config_file: ]
[objective_seed: 16083]
[num_class: 1]
[is_unbalance: 0]
[scale_pos_weight: 1]
[sigmoid: 1]
[boost_from_average: 1]
[reg_sqrt: 0]
[alpha: 0.9]
[fair_c: 1]
[poisson_max_delta_step: 0.7]
[tweedie_variance_power: 1.5]
[lambdarank_truncation_level: 30]
[lambdarank_norm: 1]
[label_gain: ]
[lambdarank_position_bias_regularization: 0]
[eval_at: ]
[multi_error_top_k: 1]
[auc_mu_weights: ]
[num_machines: 1]
[local_listen_port: 12400]
[time_out: 120]
[machine_list_filename: ]
[machines: ]
[gpu_platform_id: -1]
[gpu_device_id: -1]
[gpu_use_dp: 0]
[num_gpu: 1]

end of parameters

pandas_categorical:null
