tree
version=v4
num_class=1
num_tree_per_iteration=1
label_index=0
max_feature_idx=34
objective=regression
feature_names=Column_0 Column_1 Column_2 Column_3 Column_4 Column_5 Column_6 Column_7 Column_8 Column_9 Column_10 Column_11 Column_12 Column_13 Column_14 Column_15 Column_16 Column_17 Column_18 Column_19 Column_20 Column_21 Column_22 Column_23 Column_24 Column_25 Column_26 Column_27 Column_28 Column_29 Column_30 Column_31 Column_32 Column_33 Column_34
feature_infos=none none none none none none none none none none none none none none none none [-0.78183150291442871:0.97492790222167969] [-0.90096884965896606:1] [0:0.96774190664291382] [0:1] [0:1] none [-0.060478270053863525:0.2082231342792511] [-0.057110078632831573:0.47097489237785339] [-0.014867929741740227:0.021131513640284538] [0.00020099651010241359:0.035154767334461212] [0:0.99871492385864258] [0:599] [-0.99167191982269287:0.99871492385864258] [0.050959084182977676:6.516995906829834] none none none [-0.029242683202028275:0.13648901879787445] none
tree_sizes=3316 3449

Tree=0
num_leaves=31
num_cat=0
split_feature=23 22 22 22 33 33 33 23 22 23 33 23 23 33 22 22 22 22 23 22 33 17 23 33 33 27 33 33 22 23
split_gain=3.54337 6.23749 3.10714 2.07958 2.02756 1.72237 1.35537 1.21267 1.39866 1.77062 1.02128 2.77723 1.94547 1.64755 1.21646 1.57732 1.60006 0.97286 0.929908 1.88388 1.0898 1.3906 0.991875 1.26775 0.817623 2.59451 0.755716 1.19642 1.20954 0.78072
threshold=0.076075751334428801 0.034012420102953918 0.085823982954025282 -0.044097639620304101 0.10489547625184061 0.021426731720566753 0.064806975424289717 0.36659483611583715 0.1233508698642254 0.43696911633014685 0.027264863252639774 0.0061334271449595698 -0.0029869232093915339 0.085209403187036528 -0.020806397311389443 -0.033889554440975182 -0.040899042040109627 0.18299914896488192 0.044059921056032188 0.073210861533880248 0.001633665291592479 0.81174489855766307 0.062963977456092848 0.009727491997182371 0.0050209977198392161 189.50000000000003 0.016539831645786766 0.009727491997182371 0.17526646703481677 0.23436300456523898
decision_type=2 2 2 2 2 2 2 2 2 2 2 2 2 2 2 2 2 2 2 2 2 2 2 2 2 2 2 2 2 2
left_child=2 24 3 5 7 -1 -7 17 -9 -10 11 14 -12 -14 15 16 -5 26 19 20 -13 -22 23 -20 25 -2 27 29 -29 -3
right_child=1 4 -4 10 -6 6 -8 8 9 -11 12 18 13 -15 -16 -17 -18 -19 22 -21 21 -23 -24 -25 -26 -27 -28 28 -30 -31
leaf_value=0.1273658545643376 0.13051400049864906 0.11796115050994659 0.097695525999313831 0.12021653356370225 0.095402820575141586 0.10404473211199382 0.12769552488172675 0.13010140110753027 0.10057037038716404 0.12255095054670083 0.12531457258947176 0.1308383819075033 0.10645743043481222 0.12364790598489328 0.10087012905565383 0.1185329636467041 0.097219335540862845 0.10162195890930066 0.10415515308786652 0.093231240451335726 0.091981240497902073 0.11554288345577868 0.10948123984597606 0.1265374522283341 0.12660878377101117 0.094070542961197504 0.11584543973120649 0.10258471503212999 0.12176997301986814 0.10894470016519273
leaf_weight=6.500000096857546 1.9487845040857821 10.655857484787708 5.9500000886619082 1.7000000253319747 2.2511367201805106 3.1500000469386578 1.4000000208616254 4.0944171994924528 2.1996012106537819 4.3947977647185326 2.7000000402331343 1.7500000260770381 31.500000469386578 2.400000035762786 7.6500001139938822 5.8000000864267358 4.200000062584877 2.5755180492997161 1.1500000171363343 1.6000000238418568 1.0500000156462288 21.900000326335423 2.400000035762786 8.4500001259148103 23.160771813243628 1.3044516518712042 40.879510387778282 7.8520380146801454 1.5787404924631117 6.006729654967784
leaf_count=130 32 207 119 34 24 63 28 44 23 47 54 35 630 48 153 116 84 46 23 32 21 438 48 169 372 19 656 120 28 74
internal_value=0.114267 0.116831 0.111757 0.112551 0.114123 0.12076 0.111322 0.114648 0.12092 0.115219 0.111589 0.113248 0.108976 0.107674 0.107072 0.111127 0.103846 0.113684 0.116368 0.114263 0.115625 0.114465 0.120981 0.123856 0.12529 0.115901 0.114148 0.111489 0.105796 0.114711
internal_weight=220.152 108.902 111.25 105.3 82.4883 11.05 4.55 80.2372 10.6888 6.5944 94.25 57.65 36.6 33.9 19.35 11.7 5.9 69.5484 38.3 26.3 24.7 22.95 12 9.6 26.414 3.25324 66.9729 26.0934 9.43078 16.6626
internal_count=3917 1692 2225 2106 1269 221 91 1245 114 70 1885 1153 732 678 387 234 118 1131 766 526 494 459 240 192 423 51 1085 429 148 281
is_linear=0
shrinkage=1


Tree=1
num_leaves=31
num_cat=0
split_feature=23 22 22 22 33 33 33 23 22 23 22 33 23 23 22 33 33 33 33 22 33 33 22 23 23 33 22 33 33 33
split_gain=3.40305 5.99049 2.9841 1.99723 1.94727 1.65416 1.3017 1.16465 1.34327 1.70051 0.9883 2.17316 1.52953 1.43771 1.33871 1.12312 0.971324 1.14338 0.942022 0.934334 0.891771 2.6091 1.39869 1.41978 2.28566 2.17997 1.2602 1.08375 0.968404 0.789967
threshold=0.076075751334428801 0.034012420102953918 0.085823982954025282 -0.044097639620304101 0.10489547625184061 0.021426731720566753 0.064806975424289717 0.36659483611583715 0.1233508698642254 0.43696911633014685 0.0071188213769346484 0.027264863252639774 0.038085814565420158 0.024191861972212795 0.074550811201334014 0.036711759865283973 0.085209403187036528 0.070853315293788924 0.035233659669756896 0.18299914896488192 -0.00051378547505009909 0.0071414490230381497 -0.0046441371086984864 0.00093871005810797225 0.01080533489584923 0.025740279816091064 -0.033889554440975182 0.073150891810655608 0.046771517023444183 0.013235541060566904
decision_type=2 2 2 2 2 2 2 2 2 2 2 2 2 2 2 2 2 2 2 2 2 2 2 2 2 2 2 2 2 2
left_child=2 29 3 5 7 -1 -7 19 -9 -10 13 -12 14 20 16 -14 17 18 -13 -3 -5 -22 23 25 -25 26 -23 -24 -26 -2
right_child=1 4 -4 10 -6 6 -8 8 9 -11 11 12 15 -15 -16 -17 -18 -19 -20 -21 21 22 27 24 28 -27 -28 -29 -30 -31
leaf_value=0.012837299169388083 0.0049259064379906584 -0.00011611411324668447 -0.016239623270551302 -0.015982816775895903 -0.018486476293156234 -0.010017401871440826 0.013160375575673084 0.015518134370227166 -0.013422276154032596 0.0081186920272276024 0.0026748192367612019 -0.009298960248016826 0.0016546352645748763 -0.016844188150829977 -0.022129149405223886 -0.015934940990340152 0.017527042068138092 -0.017991218216591186 0.0045375182548535124 -0.012391720600262009 0.012542432417775267 -0.011784620498313613 -0.01572995243474911 -0.015058078403431414 0.0081526265642096266 0.013805590665824779 0.0036267460545434077 0.0062294454582969621 -0.014129149107200653 0.012838483413193824
leaf_weight=6.500000096857546 6.7950156256556538 66.972876034677029 5.9500000886619082 2.2500000335276118 2.2511367201805106 3.1500000469386578 1.4000000208616254 4.0944171994924528 2.1996012106537819 4.3947977647185326 30.4000004529953 2.6500000394880789 1.8500000275671462 3.7000000551342955 1.1500000171363343 6.7500001005828381 1.2000000178813923 1.4500000216066826 7.6500001139938831 2.5755180492997161 3.8500000573694697 4.10000006109476 6.2500000931322601 6.8000001013278943 3.5500000528991222 4.2000000625848761 4.4000000655651119 1.050000015646219 1.000000014901161 19.61899234354496
leaf_count=130 102 1085 119 45 24 63 28 44 23 47 608 53 37 74 23 135 24 29 153 46 77 82 125 136 71 84 88 21 20 321
internal_value=3.55972e-07 0.0025136 -0.00245985 -0.00168122 -0.000140785 0.00636309 -0.00288578 0.000373922 0.00652028 0.000933573 -0.00262435 -0.000821447 -0.00550367 -0.00495081 -0.00144919 -0.0121511 0.000387255 -0.00136319 0.000977648 -0.000570705 -0.00377576 -0.00299548 -0.00490365 -0.00257622 -0.0077165 0.00201766 -0.00380697 -0.0125714 0.00325553 0.010803
internal_weight=220.152 108.902 111.25 105.3 82.4883 11.05 4.55 80.2372 10.6888 6.5944 94.25 53.1 22.7 41.15 14.1 8.6 12.95 11.75 10.3 69.5484 37.45 35.2 31.35 24.05 11.35 12.7 8.5 7.3 4.55 26.414
internal_count=3917 1692 2225 2106 1269 221 91 1245 114 70 1885 1062 454 823 282 172 259 235 206 1131 749 704 627 481 227 254 170 146 91 423
is_linear=0
shrinkage=0.02


end of trees

feature_importances:
Column_33=24
Column_22=19
Column_23=15
Column_17=1
Column_27=1

parameters:
[boosting: gbdt]
[objective: regression]
[metric: rmse]
[tree_learner: serial]
[device_type: cpu]
[data_sample_strategy: bagging]
[data: ]
[valid: ]
[num_iterations: 500]
[learning_rate: 0.02]
[num_leaves: 31]
[num_threads: 0]
[seed: 42]
[deterministic: 0]
[force_col_wise: 0]
[force_row_wise: 0]
[histogram_pool_size: -1]
[max_depth: -1]
[min_data_in_leaf: 20]
[min_sum_hessian_in_leaf: 0.001]
[bagging_fraction: 0.8]
[pos_bagging_fraction: 1]
[neg_bagging_fraction: 1]
[bagging_freq: 5]
[bagging_seed: 400]
[bagging_by_query: 0]
[feature_fraction: 0.8]
[feature_fraction_bynode: 1]
[feature_fraction_seed: 30056]
[extra_trees: 0]
[extra_seed: 12879]
[early_stopping_round: 0]
[early_stopping_min_delta: 0]
[first_metric_only: 0]
[max_delta_step: 0]
[lambda_l1: 0]
[lambda_l2: 0]
[linear_lambda: 0]
[min_gain_to_split: 0]
[drop_rate: 0.1]
[max_drop: 50]
[skip_drop: 0.5]
[xgboost_dart_mode: 0]
[uniform_drop: 0]
[drop_seed: 17869]
[top_rate: 0.2]
[other_rate: 0.1]
[min_data_per_group: 100]
[max_cat_threshold: 32]
[cat_l2: 10]
[cat_smooth: 10]
[max_cat_to_onehot: 4]
[top_k: 20]
[monotone_constraints: ]
[monotone_constraints_method: basic]
[monotone_penalty: 0]
[feature_contri: ]
[forcedsplits_filename: ]
[refit_decay_rate: 0.9]
[cegb_tradeoff: 1]
[cegb_penalty_split: 0]
[cegb_penalty_feature_lazy: ]
[cegb_penalty_feature_coupled: ]
[path_smooth: 0]
[interaction_constraints: ]
[verbosity: -1]
[saved_feature_importance_type: 0]
[use_quantized_grad: 0]
[num_grad_quant_bins: 4]
[quant_train_renew_leaf: 0]
[stochastic_rounding: 1]
[linear_tree: 0]
[max_bin: 255]
[max_bin_by_feature: ]
[min_data_in_bin: 3]
[bin_construct_sample_cnt: 200000]
[data_random_seed: 175]
[is_enable_sparse: 1]
[enable_bundle: 1]
[use_missing: 1]
[zero_as_missing: 0]
[feature_pre_filter: 1]
[pre_partition: 0]
[two_round: 0]
[header: 0]
[label_column: ]
[weight_column: ]
[group_column: ]
[ignore_column: ]
[categorical_feature: ]
[forcedbins_filename: ]
[precise_float_parser: 0]
[parser_config_file: ]
[objective_seed: 16083]
[num_class: 1]
[is_unbalance: 0]
[scale_pos_weight: 1]
[sigmoid: 1]
[boost_from_average: 1]
[reg_sqrt: 0]
[alpha: 0.9]
[fair_c: 1]
[poisson_max_delta_step: 0.7]
[tweedie_variance_power: 1.5]
[lambdarank_truncation_level: 30]
[lambdarank_norm: 1]
[label_gain: ]
[lambdarank_position_bias_regularization: 0]
[eval_at: ]
[multi_error_top_k: 1]
[auc_mu_weights: ]
[num_machines: 1]
[local_listen_port: 12400]
[time_out: 120]
[machine_list_filename: ]
[machines: ]
[gpu_platform_id: -1]
[gpu_device_id: -1]
[gpu_use_dp: 0]
[num_gpu: 1]

end of parameters

pandas_categorical:null
